TIME(MS),COMMAND,VALUE
 000000 ,STAR_SOLID,0,0,0
 000000 ,1      ,0
 000000 ,2      ,0
 000000 ,3      ,0
 000000 ,4      ,0
 000000 ,5      ,0
 000000 ,6      ,0
 000000 ,7      ,0
 000000 ,8      ,0
 000253 ,6      ,1
 000766 ,6      ,0
 000865 ,6                ,1
 001592 ,6                ,0
 001692 ,7                ,1
 002396 ,7                ,0 
 002496 ,7                ,1  
 003214 ,7                ,0
 003304 ,8                ,1
 004016 ,8                ,0
 004116 ,8                ,1
 004816 ,8                ,0
 004916 ,6                ,1
 005096 ,6                ,0 
 005096 ,7                ,1
 005096 ,8                ,1 
 005299 ,7                ,0
 005299 ,8                ,0 
 005322 ,1                ,1
 005525 ,1                ,0 
 005525 ,2                ,1
 005724 ,2                ,0
 005724 ,3                ,1 
 005935 ,3                ,0
 005935 ,4                ,1
 006134 ,4                ,0
 006134 ,5                ,1
 006333 ,5                ,0
 006333 ,2                ,1
 006333 ,4                ,1
 006544 ,2                ,0
 006544 ,4                ,0
 006544 ,1                ,1 
 006544 ,3                ,1
 006544 ,5                ,1 
 006662 ,1                ,0 
 006662 ,3                ,0
 006662 ,5                ,0 
 006753 ,6      ,1
 007266 ,6      ,0
 007365 ,6                ,1 
 008092 ,6                ,0
 008192 ,7                ,1  
 008896 ,7                ,0 
 008996 ,7                ,1 
 009714 ,7                ,0
 009804 ,8                ,1
 010516 ,8                ,0
 010616 ,8                ,1
 011316 ,8                ,0
 011416 ,6                ,1
 011596 ,6                ,0 
 011596 ,7                ,1
 011596 ,8                ,1 
 011799 ,7                ,0
 011799 ,8                ,0 
 011755 ,5                ,1 
 011955 ,5                ,0 
 012011 ,4                ,1 
 012211 ,4                ,0 
 012218 ,3                ,1 
 012418 ,3                ,0 
 012409 ,2                ,1
 012609 ,2                ,0 
 012620 ,1                ,1
 012820 ,1                ,0 
 012815 ,2                ,1
 012815 ,4                ,1 
 013015 ,2                ,0 
 013015 ,4                ,0 
 013011 ,1                ,1
 013011 ,3                ,1
 013011 ,5                ,1 
 013211 ,1                ,0 
 013211 ,3                ,0  
 013211 ,5                ,0
 013220 ,6      ,1
 013220 ,STAR_SOLID,255,0,0 
 013220 ,1      ,1
 013320 ,1      ,0 
 013420 ,1      ,1
 013520 ,1      ,0
 013620 ,6      ,0
 013620 ,7      ,1
 013620 ,STAR_SOLID,0,255,0 
 013620 ,1      ,1
 013720 ,1      ,0 
 013820 ,1      ,1
 013920 ,1      ,0
 014020 ,7      ,0
 014020 ,6      ,1
 014020 ,STAR_SOLID,255,0,0
 014020 ,1      ,1
 014120 ,1      ,0 
 014220 ,1      ,1
 014320 ,1      ,0
 014420 ,6      ,0
 014420 ,7      ,1
 014420 ,STAR_SOLID,0,255,0 
 014420 ,1      ,1
 014520 ,1      ,0
 014620 ,1      ,1
 014720 ,1      ,0
 014820 ,7      ,0
 014820 ,8      ,1
 014820 ,STAR_SOLID,0,0,255 
 014820 ,3      ,1
 014920 ,3      ,0 
 015020 ,3      ,1
 015120 ,3      ,0
 015220 ,8      ,0
 015220 ,7      ,1
 015220 ,STAR_SOLID,0,255,0  
 015220 ,3      ,1
 015320 ,3      ,0
 015420 ,3      ,1
 015520 ,3      ,0
 015620 ,7      ,0
 015620 ,8      ,1
 015620 ,STAR_SOLID,0,0,255 
 015620 ,3      ,1
 015720 ,3      ,0 
 015820 ,3      ,1
 015920 ,3      ,0
 016020 ,8      ,0
 016020 ,6      ,1 
 016020 ,STAR_SOLID,255,0,0
 016020 ,3      ,1
 016120 ,3      ,0
 016220 ,3      ,1
 016320 ,3      ,0 
 016420 ,6      ,0
 016420 ,7      ,1
 016420 ,STAR_SOLID,0,255,0 
 016420 ,5      ,1
 016520 ,5      ,0 
 016620 ,5      ,1
 016720 ,5      ,0
 016820 ,7      ,0
 016820 ,6      ,1
 016820 ,STAR_SOLID,255,0,0
 016820 ,5      ,1
 016920 ,5      ,0
 017020 ,5      ,1
 017120 ,5      ,0
 017220 ,6      ,0
 017220 ,8      ,1
 017220 ,STAR_SOLID,0,0,255  
 017220 ,5      ,1
 017320 ,5      ,0 
 017420 ,5      ,1
 017520 ,5      ,0
 017620 ,8      ,0
 017620 ,7      ,1
 017620 ,STAR_SOLID,0,255,0  
 017620 ,5      ,1
 017720 ,5      ,0
 017820 ,5      ,1
 017920 ,5      ,0
 017920 ,7      ,0
 017920 ,STAR_SOLID,0,0,0 
 018070 ,6      ,1  
 018070 ,7      ,1
 018070 ,8      ,1
 018070 ,2      ,1
 018070 ,4      ,1
 018070 ,STAR_SOLID,255,255,255 
 018300 ,2      ,0
 018300 ,4      ,0
 018300 ,6      ,0  
 018300 ,7      ,0
 018300 ,8      ,0
 018300 ,STAR_SOLID,0,0,0 
 018310 ,1                ,1
 018420 ,1                ,0
 018490 ,2                ,1
 018610 ,2                ,0
 018690 ,3                ,1 
 018810 ,3                ,0
 018890 ,4                ,1
 019010 ,4                ,0
 019090 ,5                ,1
 019210 ,5                ,0
 019290 ,2                ,1
 019290 ,4                ,1
 019410 ,2                ,0
 019410 ,4                ,0
 019490 ,1                ,1 
 019490 ,3                ,1
 019490 ,5                ,1 
 019610 ,1                ,0 
 019610 ,3                ,0
 019610 ,5                ,0   
 019670 ,6      ,1
 019670 ,STAR_SOLID,255,0,0
 019670 ,1      ,1
 019670 ,1      ,0 
 019870 ,1      ,1
 019970 ,1      ,0
 020070 ,6      ,0
 020070 ,7      ,1
 020070 ,STAR_SOLID,0,255,0
 020070 ,1      ,1
 020170 ,1      ,0 
 020270 ,1      ,1
 020370 ,1      ,0
 020470 ,7      ,0
 020470 ,6      ,1
 020470 ,STAR_SOLID,255,0,0
 020470 ,1      ,1
 020570 ,1      ,0 
 020670 ,1      ,1
 020770 ,1      ,0
 020870 ,6      ,0
 020870 ,7      ,1
 020870 ,STAR_SOLID,0,255,0
 020870 ,1      ,1
 020970 ,1      ,0
 021070 ,1      ,1
 021170 ,1      ,0
 021270 ,7      ,0
 021270 ,8      ,1
 021270 ,STAR_SOLID,0,0,255 
 021270 ,3      ,1
 021370 ,3      ,0 
 021470 ,3      ,1
 021570 ,3      ,0
 021670 ,8      ,0
 021670 ,7      ,1
 021670 ,STAR_SOLID,0,255,0
 021670 ,3      ,1
 021770 ,3      ,0
 021870 ,3      ,1
 021970 ,3      ,0
 022070 ,7      ,0
 022070 ,8      ,1
 022070 ,STAR_SOLID,0,0,255 
 022070 ,3      ,1
 022170 ,3      ,0 
 022270 ,3      ,1
 022370 ,3      ,0
 022470 ,8      ,0
 022470 ,6      ,1
 022470 ,STAR_SOLID,255,0,0
 022470 ,3      ,1
 022570 ,3      ,0
 022670 ,3      ,1
 022770 ,3      ,0 
 022870 ,6      ,0
 022870 ,7      ,1
 022870 ,STAR_SOLID,0,255,0
 022870 ,5      ,1
 022970 ,5      ,0 
 023070 ,5      ,1
 023170 ,5      ,0
 023270 ,7      ,0
 023270 ,6      ,1
 023270 ,STAR_SOLID,255,0,0
 023270 ,5      ,1
 023370 ,5      ,0
 023470 ,5      ,1
 023570 ,5      ,0
 023670 ,6      ,0
 023670 ,8      ,1
 023670 ,STAR_SOLID,0,0,255 
 023670 ,5      ,1
 023770 ,5      ,0 
 023870 ,5      ,1
 023970 ,5      ,0
 024070 ,8      ,0
 024070 ,7      ,1
 024070 ,STAR_SOLID,0,255,0
 024070 ,5      ,1
 024170 ,5      ,0
 024270 ,5      ,1
 024370 ,5      ,0
 024370 ,7      ,0
 024370 ,STAR_SOLID,0,0,0
 024520 ,6      ,1  
 024520 ,7      ,1
 024520 ,8      ,1
 024520 ,STAR_SOLID,255,255,255 
 024520 ,2      ,1
 024520 ,4      ,1
 024750 ,2      ,0
 024750 ,4      ,0
 024750 ,6      ,0  
 024750 ,7      ,0
 024750 ,8      ,0
 024750 ,STAR_SOLID,0,0,0 
 025160 ,5                ,1
 025260 ,5                ,0
 025350 ,4                ,1
 025450 ,4                ,0
 025550 ,3                ,1 
 025650 ,3                ,0
 025750 ,2                ,1
 025850 ,2                ,0
 025950 ,1                ,1
 026050 ,1                ,0
 026150 ,1                ,1
 026150 ,2                ,1
 026150 ,3                ,1
 026150 ,4                ,1
 026150 ,5                ,1
 026150 ,6                ,1
 026150 ,7                ,1
 026150 ,8                ,1
 026150 ,STAR_SOLID,204,0,204
 026400 ,1                ,0 
 026400 ,2                ,0
 026400 ,3                ,0 
 026400 ,4                ,0 
 026400 ,5                ,0
 026400 ,6                ,0 
 026400 ,7                ,0 
 026400 ,8                ,0
 026400 ,STAR_SOLID,0,0,0
 026760 ,5                ,1
 026860 ,5                ,0
 026960 ,4                ,1
 027060 ,4                ,0
 027160 ,3                ,1 
 027260 ,3                ,0
 027360 ,2                ,1
 027460 ,2                ,0
 027560 ,1                ,1
 027660 ,1                ,0
 027760 ,1                ,1
 027760 ,2                ,1
 027760 ,3                ,1
 027760 ,4                ,1
 027760 ,5                ,1
 027760 ,6                ,1
 027760 ,7                ,1
 027760 ,8                ,1
 027760 ,STAR_SOLID,204,0,204
 028000 ,1                ,0 
 028000 ,2                ,0
 028000 ,3                ,0 
 028000 ,4                ,0 
 028000 ,5                ,0
 028000 ,6                ,0 
 028000 ,7                ,0 
 027760 ,8                ,0
 027760 ,STAR_SOLID,0,0,0
 028380 ,1                ,1
 028380 ,2                ,1
 028380 ,3                ,1
 028380 ,4                ,1
 028380 ,5                ,1
 028380 ,6                ,1
 028380 ,7                ,1
 028380 ,8                ,1
 028380 ,STAR_SOLID,204,0,204
 028480 ,1                ,0 
 028480 ,2                ,0
 028480 ,3                ,0 
 028480 ,4                ,0 
 028480 ,5                ,0
 028480 ,6                ,0 
 028480 ,7                ,0 
 028480 ,8                ,0
 028480 ,STAR_SOLID,0,0,0
 028580 ,1                ,1
 028580 ,2                ,1
 028580 ,3                ,1
 028580 ,4                ,1
 028580 ,5                ,1
 028580 ,6                ,1
 028580 ,7                ,1
 028580 ,8                ,1
 028580 ,STAR_SOLID,204,0,204
 028680 ,1                ,0 
 028680 ,2                ,0
 028680 ,3                ,0 
 028680 ,4                ,0 
 028680 ,5                ,0
 028680 ,6                ,0 
 028680 ,7                ,0 
 028680 ,8                ,0
 028680 ,STAR_SOLID,0,0,0
 029180 ,1                ,1
 029180 ,2                ,1
 029180 ,3                ,1
 029180 ,4                ,1
 029180 ,5                ,1
 029180 ,6                ,1
 029180 ,7                ,1
 029180 ,8                ,1
 029180 ,STAR_SOLID,204,0,204
 029280 ,1                ,0 
 029280 ,2                ,0
 029280 ,3                ,0 
 029280 ,4                ,0 
 029280 ,5                ,0
 029280 ,6                ,0 
 029280 ,7                ,0 
 029280 ,8                ,0
 029280 ,STAR_SOLID,0,0,0
 029380 ,1                ,1
 029380 ,2                ,1
 029380 ,3                ,1
 029380 ,4                ,1
 029380 ,5                ,1
 029380 ,6                ,1
 029380 ,7                ,1
 029380 ,8                ,1
 029380 ,STAR_SOLID,204,0,204
 029480 ,1                ,0 
 029480 ,2                ,0
 029480 ,3                ,0 
 029480 ,4                ,0 
 029480 ,5                ,0
 029480 ,6                ,0 
 029480 ,7                ,0 
 029480 ,8                ,0 
 029480 ,STAR_SOLID,0,0,0
 029800 ,7                ,1
 029800 ,STAR_SOLID,0,255,0
 030200 ,7                ,0
 030200 ,STAR_SOLID,0,0,0
 030200 ,6                ,1
 030200 ,STAR_SOLID,255,0,0
 030600 ,6                ,0
 030600 ,STAR_SOLID,0,0,0
 030600 ,8                ,1
 030600 ,STAR_SOLID,0,0,255
 031000 ,8                ,0
 031000 ,STAR_SOLID,0,0,0
 031020 ,6      ,1
 031020 ,STAR_POINT2,255,0,0
 031020 ,1      ,1
 031070 ,1      ,0
 031120 ,2      ,1
 031170 ,2      ,0
 031220 ,3      ,1
 031270 ,3      ,0
 031320 ,4      ,1
 031370 ,4      ,0
 031420 ,6      ,0
 031420 ,7      ,1
 031420 ,STAR_POINT3,0,255,0 
 031420 ,5      ,1
 031470 ,5      ,0
 031520 ,4      ,1
 031570 ,4      ,0
 031620 ,3      ,1
 031620 ,STAR_POINT2,0,0,0
 031670 ,3      ,0
 031720 ,2      ,1
 031770 ,2      ,0
 031820 ,7      ,0
 031820 ,6      ,1
 031820 ,STAR_POINT4,255,0,0
 031820 ,1      ,1
 031870 ,1      ,0
 031920 ,2      ,1
 031970 ,2      ,0
 032020 ,3      ,1
 032020 ,STAR_POINT3,0,0,0
 032070 ,3      ,0
 032020 ,4      ,1
 032070 ,4      ,0
 032220 ,6      ,0
 032220 ,7      ,1
 032220 ,STAR_POINT5,0,255,0
 032220 ,5      ,1
 032270 ,5      ,0
 032320 ,4      ,1
 032370 ,4      ,0
 032420 ,3      ,1
 032420 ,STAR_POINT4,0,0,0
 032470 ,3      ,0
 032520 ,2      ,1
 032570 ,2      ,0
 032620 ,7      ,0
 032620 ,8      ,1
 032620 ,STAR_POINT1,0,0,255
 032620 ,1      ,1
 032670 ,1      ,0
 032720 ,2      ,1
 032770 ,2      ,0
 032820 ,3      ,1
 032820 ,STAR_POINT5,0,0,0
 032870 ,3      ,0
 032920 ,4      ,1
 032970 ,4      ,0
 033020 ,8      ,0
 033020 ,7      ,1
 033020 ,STAR_POINT2,0,255,0
 033020 ,5      ,1
 033070 ,5      ,0
 033120 ,4      ,1
 033170 ,4      ,0
 033220 ,3      ,1
 033220 ,STAR_POINT1,0,0,0 
 033270 ,3      ,0
 033320 ,2      ,1
 033370 ,2      ,0
 033420 ,7      ,0
 033420 ,8      ,1
 033420 ,STAR_POINT3,0,0,255
 033420 ,1      ,1
 033470 ,1      ,0
 033520 ,2      ,1
 033570 ,2      ,0
 033620 ,3      ,1
 033620 ,STAR_POINT2,0,0,0 
 033670 ,3      ,0
 033720 ,4      ,1
 033770 ,4      ,0 
 033820 ,8      ,0
 033820 ,6      ,1
 033820 ,STAR_POINT4,255,0,0
 033820 ,5      ,1
 033870 ,5      ,0
 033920 ,4      ,1
 033970 ,4      ,0
 034020 ,3      ,1
 034020 ,STAR_POINT3,0,0,0 
 034070 ,3      ,0
 034120 ,2      ,1
 034170 ,2      ,0 
 034220 ,6      ,0
 034250 ,7      ,1
 034250 ,STAR_POINT5,0,255,0
 034250 ,1      ,1
 034300 ,1      ,0
 034350 ,2      ,1
 034400 ,2      ,0
 034450 ,3      ,1
 034450 ,STAR_POINT4,0,0,0
 034500 ,3      ,0
 034550 ,4      ,1
 034600 ,4      ,0   
 034650 ,7      ,0
 034650 ,6      ,1
 034650 ,STAR_POINT1,255,0,0
 034650 ,5      ,1
 034700 ,5      ,0
 034750 ,4      ,1
 034800 ,4      ,0
 034850 ,3      ,1
 034850 ,STAR_POINT5,0,0,0
 034900 ,3      ,0
 034950 ,2      ,1
 035000 ,2      ,0 
 035050 ,6      ,0
 035050 ,8      ,1
 035050 ,STAR_POINT2,0,0,255
 035050 ,1      ,1
 035100 ,1      ,0
 035150 ,2      ,1
 035200 ,2      ,0
 035250 ,3      ,1
 035250 ,STAR_POINT1,0,0,0
 035300 ,3      ,0
 035350 ,4      ,1
 035400 ,4      ,0 
 035450 ,8      ,0 
 035450 ,7      ,1
 035450 ,STAR_POINT3,0,255,0
 035450 ,5      ,1
 035500 ,5      ,0
 035550 ,4      ,1
 035600 ,4      ,0
 035650 ,3      ,1
 035650 ,STAR_POINT2,0,0,0 
 035700 ,3      ,0
 035750 ,7      ,0 
 035850 ,6      ,1
 035850 ,7      ,1
 035850 ,8      ,1
 035850 ,STAR_POINT4,0,0,255
 036100 ,6      ,0  
 036100 ,7      ,0
 036100 ,8      ,0 
 036100 ,STAR_SOLID,0,0,0
 036060 ,5                ,1
 036160 ,5                ,0 
 036260 ,4                ,1
 036360 ,4                ,0
 036460 ,3                ,1 
 036560 ,3                ,0
 036660 ,2                ,1
 036760 ,2                ,0
 036860 ,1                ,1
 036960 ,1                ,0
 037060 ,2                ,1
 037060 ,4                ,1
 037160 ,2                ,0
 037160 ,4                ,0
 037260 ,1                ,1 
 037260 ,3                ,1
 037260 ,5                ,1 
 037360 ,1                ,0 
 037360 ,3                ,0
 037360 ,5                ,0  
 037470 ,6      ,1
 037470 ,STAR_POINT2,255,0,0
 037470 ,1      ,1
 037520 ,1      ,0
 037570 ,2      ,1
 037620 ,2      ,0
 037670 ,3      ,1
 037720 ,3      ,0
 037770 ,4      ,1
 037820 ,4      ,0
 037870 ,6      ,0
 037870 ,7      ,1
 037870 ,STAR_POINT3,0,255,0
 037870 ,5      ,1
 037920 ,5      ,0
 037970 ,4      ,1
 038020 ,4      ,0
 038070 ,3      ,1
 038070 ,STAR_POINT2,0,0,0
 038120 ,3      ,0
 038170 ,2      ,1
 038220 ,2      ,0
 038270 ,7      ,0
 038270 ,6      ,1
 038270 ,STAR_POINT4,255,0,0
 038270 ,1      ,1
 038320 ,1      ,0
 038370 ,2      ,1
 038420 ,2      ,0
 038470 ,3      ,1
 038470 ,STAR_POINT3,0,0,0
 038520 ,3      ,0
 038470 ,4      ,1
 038520 ,4      ,0
 038670 ,6      ,0
 038670 ,7      ,1
 038670 ,STAR_POINT5,0,255,0
 038670 ,5      ,1
 038720 ,5      ,0
 038770 ,4      ,1
 038820 ,4      ,0
 038870 ,3      ,1
 038870 ,STAR_POINT4,0,0,0
 038920 ,3      ,0
 038970 ,2      ,1
 039020 ,2      ,0
 039070 ,7      ,0
 039070 ,8      ,1
 039070 ,STAR_POINT1,0,0,255
 039070 ,1      ,1
 039120 ,1      ,0
 039170 ,2      ,1
 039220 ,2      ,0
 039270 ,3      ,1
 039270 ,STAR_POINT5,0,0,0
 039320 ,3      ,0
 039370 ,4      ,1
 039420 ,4      ,0
 039470 ,8      ,0
 039470 ,7      ,1
 039470 ,STAR_POINT2,0,255,0
 039470 ,5      ,1
 039520 ,5      ,0
 039570 ,4      ,1
 039620 ,4      ,0
 039670 ,3      ,1
 039670 ,STAR_POINT1,0,0,0
 039720 ,3      ,0
 039770 ,2      ,1
 039820 ,2      ,0
 039870 ,7      ,0
 039870 ,8      ,1
 039870 ,STAR_POINT3,0,0,255
 039870 ,1      ,1
 039920 ,1      ,0
 039970 ,2      ,1
 040020 ,2      ,0
 040070 ,3      ,1
 040070 ,STAR_POINT2,0,0,0
 040120 ,3      ,0
 040170 ,4      ,1
 040220 ,4      ,0
 040270 ,8      ,0
 040270 ,6      ,1
 040270 ,STAR_POINT4,255,0,0
 040270 ,5      ,1
 040320 ,5      ,0
 040370 ,4      ,1
 040420 ,4      ,0
 040470 ,3      ,1
 040470 ,STAR_POINT3,0,0,0
 040520 ,3      ,0
 040570 ,2      ,1
 040620 ,2      ,0
 040670 ,6      ,0
 040700 ,7      ,1
 040700 ,STAR_POINT5,0,255,0
 040700 ,1      ,1
 040750 ,1      ,0
 040800 ,2      ,1
 040850 ,2      ,0
 040900 ,3      ,1
 040900 ,STAR_POINT4,0,0,0
 040950 ,3      ,0
 041000 ,4      ,1
 041050 ,4      ,0
 041100 ,7      ,0
 041100 ,6      ,1
 041100 ,STAR_POINT1,255,0,0
 041100 ,5      ,1
 041150 ,5      ,0
 041200 ,4      ,1
 041250 ,4      ,0
 041300 ,3      ,1
 041300 ,STAR_POINT5,0,0,0
 041350 ,3      ,0
 041400 ,2      ,1
 041450 ,2      ,0
 041500 ,6      ,0
 041500 ,8      ,1
 041500 ,STAR_POINT2,0,0,255
 041500 ,1      ,1
 041550 ,1      ,0
 041600 ,2      ,1
 041650 ,2      ,0
 041700 ,3      ,1
 041700 ,STAR_POINT1,0,0,0
 041750 ,3      ,0
 041800 ,4      ,1
 041850 ,4      ,0
 041900 ,8      ,0
 041900 ,7      ,1
 041900 ,STAR_POINT3,0,255,0
 041900 ,5      ,1
 041950 ,5      ,0
 042000 ,4      ,1
 042050 ,4      ,0
 042100 ,3      ,1
 042100 ,STAR_POINT2,0,0,0
 042150 ,3      ,0
 042200 ,7      ,0
 042300 ,6      ,1
 042300 ,7      ,1
 042300 ,8      ,1
 042300 ,STAR_POINT4,0,0,255
 042550 ,6      ,0
 042550 ,7      ,0
 042550 ,8      ,0
 042550 ,STAR_SOLID,0,0,0
 042940 ,5      ,1
 043040 ,5      ,0
 043130 ,4      ,1
 043230 ,4      ,0
 043330 ,3      ,1
 043430 ,3      ,0
 043530 ,2      ,1
 043630 ,2      ,0
 043730 ,1      ,1
 043830 ,1      ,0
 043930 ,1      ,1
 043930 ,2      ,1
 043930 ,3      ,1
 043930 ,4      ,1
 043930 ,5      ,1
 043930 ,6      ,1
 043930 ,7      ,1
 043930 ,8      ,1
 043930 ,STAR_SOLID,204,0,204
 044180 ,1      ,0
 044180 ,2      ,0
 044180 ,3      ,0
 044180 ,4      ,0
 044180 ,5      ,0
 044180 ,6      ,0
 044180 ,7      ,0
 044180 ,8      ,0
 044180 ,STAR_SOLID,0,0,0
 044540 ,5      ,1
 044640 ,5      ,0
 044740 ,4      ,1
 044840 ,4      ,0
 044940 ,3      ,1
 045040 ,3      ,0
 045140 ,2      ,1
 045240 ,2      ,0
 045340 ,1      ,1
 045440 ,1      ,0
 045540 ,1      ,1
 045540 ,2      ,1
 045540 ,3      ,1
 045540 ,4      ,1
 045540 ,5      ,1
 045540 ,6      ,1
 045540 ,7      ,1
 045540 ,8      ,1
 045540 ,STAR_SOLID,204,0,204
 045780 ,1      ,0
 045780 ,2      ,0
 045780 ,3      ,0
 045780 ,4      ,0
 045780 ,5      ,0
 045780 ,6      ,0
 045780 ,7      ,0
 045780 ,8      ,0 
 045780 ,STAR_SOLID,0,0,0
 046150 ,1      ,1
 046150 ,2      ,1
 046150 ,3      ,1
 046150 ,4      ,1
 046150 ,5      ,1
 046150 ,6      ,1
 046150 ,7      ,1
 046150 ,8      ,1
 046150 ,STAR_SOLID,204,0,204
 046300 ,1      ,0
 046300 ,2      ,0
 046300 ,3      ,0
 046300 ,4      ,0
 046300 ,5      ,0
 046300 ,6      ,0
 046300 ,7      ,0
 046300 ,8      ,0 
 046300 ,STAR_SOLID,0,0,0
 046370 ,1      ,1
 046370 ,2      ,1
 046370 ,3      ,1
 046370 ,4      ,1
 046370 ,5      ,1
 046370 ,6      ,1
 046370 ,7      ,1
 046370 ,8      ,1
 046370 ,STAR_SOLID,204,0,204
 046520 ,1      ,0
 046520 ,2      ,0
 046520 ,3      ,0
 046520 ,4      ,0
 046520 ,5      ,0
 046520 ,6      ,0
 046520 ,7      ,0
 046520 ,8      ,0
 046520 ,STAR_SOLID,0,0,0
 046970 ,1      ,1
 046970 ,2      ,1
 046970 ,3      ,1
 046970 ,4      ,1
 046970 ,5      ,1
 046970 ,6      ,1
 046970 ,7      ,1
 046970 ,8      ,1
 046970 ,STAR_SOLID,204,0,204
 047120 ,1      ,0
 047120 ,2      ,0
 047120 ,3      ,0
 047120 ,4      ,0
 047120 ,5      ,0
 047120 ,6      ,0
 047120 ,7      ,0
 047120 ,8      ,0
 047120 ,STAR_SOLID,0,0,0
 047190 ,1      ,1
 047190 ,2      ,1
 047190 ,3      ,1
 047190 ,4      ,1
 047190 ,5      ,1
 047190 ,6      ,1
 047190 ,7      ,1
 047190 ,8      ,1
 047190 ,STAR_SOLID,204,0,204
 047340 ,1      ,0
 047340 ,2      ,0
 047340 ,3      ,0
 047340 ,4      ,0
 047340 ,5      ,0
 047340 ,6      ,0
 047340 ,7      ,0
 047340 ,8      ,0
 047340 ,STAR_SOLID,0,0,0
 047590 ,1      ,1
 047590 ,3      ,1
 047590 ,5      ,1 
 047690 ,1      ,0
 047690 ,3      ,0
 047690 ,5      ,0
 047990 ,2      ,1
 047990 ,4      ,1
 048090 ,2      ,0
 048090 ,4      ,0
 048390 ,1      ,1
 048490 ,1      ,0 
 048800 ,2      ,1
 048900 ,2      ,0
 049200 ,3      ,1
 049300 ,3      ,0
 049600 ,4      ,1
 049700 ,4      ,0
 050000 ,5      ,1
 050100 ,5      ,0
 050420 ,8      ,1
 050520 ,8      ,0
 050620 ,8      ,1
 050720 ,8      ,0
 050820 ,8      ,1
 050920 ,8      ,0
 051020 ,8      ,1
 051120 ,8      ,0
 051220 ,8      ,1
 051320 ,8      ,0
 051420 ,8      ,1
 051520 ,8      ,0
 051620 ,8      ,1
 051720 ,8      ,0
 051820 ,8      ,1
 051920 ,8      ,0
 052020 ,8      ,1
 052120 ,8      ,0
 052220 ,8      ,1
 052320 ,8      ,0
 052420 ,8      ,1
 052520 ,8      ,0
 052620 ,8      ,1
 052720 ,8      ,0
 052820 ,8      ,1
 052920 ,8      ,0
 053020 ,8      ,1
 053120 ,8      ,0
 053220 ,8      ,1
 053320 ,8      ,0
 053420 ,8      ,1
 053520 ,8      ,0
 053620 ,8      ,1
 053720 ,8      ,0
 053820 ,8      ,1
 053920 ,8      ,0
 054020 ,8      ,1
 054120 ,8      ,0
 054220 ,8      ,1
 054320 ,8      ,0
 054420 ,8      ,1
 054520 ,8      ,0
 054620 ,8      ,1
 054720 ,8      ,0
 054820 ,8      ,1
 054920 ,8      ,0
 055020 ,8      ,1
 055120 ,8      ,0
 055220 ,8      ,1
 055320 ,8      ,0
 055420 ,8      ,1
 055520 ,8      ,0
 055520 ,STAR_SOLID,0,0,5
 055620 ,8      ,1
 055720 ,8      ,0
 055820 ,8      ,1
 055920 ,8      ,0
 056020 ,8      ,1
 056120 ,8      ,0
 056220 ,8      ,1
 056320 ,8      ,0
 056420 ,8      ,1
 056520 ,8      ,0
 056520 ,STAR_SOLID,0,0,10
 056620 ,8      ,1
 056720 ,8      ,0
 056820 ,8      ,1
 056920 ,8      ,0
 057020 ,8      ,1
 057120 ,8      ,0
 057220 ,8      ,1
 057266 ,1      ,1
 057320 ,8      ,0
 057420 ,8      ,1
 057490 ,1      ,0
 057490 ,2      ,1 
 057520 ,8      ,0
 057520 ,STAR_SOLID,0,0,20
 057620 ,8      ,1
 057700 ,2      ,0
 057700 ,1      ,1 
 057720 ,8      ,0
 057820 ,8      ,1
 057920 ,8      ,0
 057950 ,1      ,0 
 058020 ,8      ,1
 058090 ,3      ,1 
 058120 ,8      ,0
 058220 ,8      ,1
 058320 ,8      ,0
 058420 ,8      ,1
 058520 ,8      ,0
 058520 ,STAR_SOLID,0,0,30
 058620 ,8      ,1
 058665 ,3      ,0  
 058720 ,8      ,0
 058820 ,8      ,1
 058892 ,2      ,1 
 058920 ,8      ,0
 059020 ,8      ,1
 059095 ,2      ,0
 059095 ,3      ,1 
 059120 ,8      ,0
 059220 ,8      ,1
 059312 ,3      ,0
 059312 ,2      ,1 
 059320 ,8      ,0
 059420 ,8      ,1
 059520 ,8      ,0
 059520 ,STAR_SOLID,0,0,40
 059524 ,2      ,0 
 059620 ,8      ,1
 059719 ,4      ,1 
 059720 ,8      ,0
 059820 ,8      ,1
 059920 ,8      ,0
 060020 ,8      ,1
 060120 ,8      ,0
 060220 ,8      ,1
 060294 ,4      ,0  
 060320 ,8      ,0
 060420 ,8      ,1
 060520 ,8      ,0
 060520 ,STAR_SOLID,0,0,50
 060526 ,3      ,1 
 060620 ,8      ,1
 060720 ,8      ,0
 060729 ,3      ,0
 060729 ,4      ,1 
 060820 ,8      ,1
 060920 ,8      ,0
 060938 ,4      ,0
 060938 ,3      ,1 
 061020 ,8      ,1
 061120 ,8      ,0
 061220 ,8      ,1
 061315 ,3      ,0
 061320 ,8      ,0
 061324 ,5      ,1 
 061420 ,8      ,1
 061520 ,8      ,0
 061520 ,STAR_SOLID,0,0,60
 061620 ,8      ,1
 061720 ,8      ,0
 061730 ,5      ,0  
 061730 ,4      ,1 
 061820 ,8      ,1
 061920 ,8      ,0
 062020 ,8      ,1
 062120 ,8      ,0
 062125 ,4      ,0
 062145 ,5      ,1 
 062220 ,8      ,1
 062320 ,8      ,0
 062420 ,8      ,1
 062520 ,8      ,0
 062520 ,STAR_SOLID,0,0,70
 062540 ,5      ,0
 062540 ,4      ,1 
 062620 ,8      ,1
 062720 ,8      ,0
 062820 ,8      ,1
 062920 ,8      ,0
 062952 ,4      ,0
 062952 ,3      ,1 
 063020 ,8      ,1
 063120 ,8      ,0
 063220 ,8      ,1
 063320 ,8      ,0
 063420 ,8      ,1
 063520 ,8      ,0
 063520 ,STAR_SOLID,0,0,80
 063541 ,3      ,0  
 063620 ,8      ,1
 063720 ,8      ,0
 063766 ,1      ,1 
 063820 ,8      ,1
 063920 ,8      ,0
 063990 ,1      ,0
 063990 ,2      ,1 
 064020 ,8      ,1
 064120 ,8      ,0
 064200 ,2      ,0
 064200 ,1      ,1 
 064220 ,8      ,1
 064320 ,8      ,0
 064420 ,8      ,1
 064450 ,1      ,0 
 064520 ,8      ,0
 064520 ,STAR_SOLID,0,0,90
 064590 ,3      ,1 
 064620 ,8      ,1
 064720 ,8      ,0
 064820 ,8      ,1
 064920 ,8      ,0
 065020 ,8      ,1
 065120 ,8      ,0
 065165 ,3      ,0 
 065220 ,8      ,1
 065320 ,8      ,0
 065392 ,2      ,1 
 065420 ,8      ,1
 065520 ,8      ,0
 065520 ,STAR_SOLID,0,0,100
 065595 ,2      ,0
 065595 ,3      ,1 
 065620 ,8      ,1
 065720 ,8      ,0
 065782 ,2      ,1 
 065812 ,3      ,0 
 065820 ,8      ,1
 065920 ,8      ,0
 065994 ,2      ,0 
 066020 ,8      ,1
 066120 ,8      ,0
 066189 ,4      ,1 
 066220 ,8      ,1
 066320 ,8      ,0
 066420 ,8      ,1
 066520 ,8      ,0
 066520 ,STAR_SOLID,0,0,110
 066620 ,8      ,1
 066720 ,8      ,0
 066764 ,4      ,0 
 066820 ,8      ,1
 066920 ,8      ,0
 066996 ,3      ,1 
 067020 ,8      ,1
 067120 ,8      ,0
 067199 ,3      ,0
 067199 ,4      ,1 
 067220 ,8      ,1
 067320 ,8      ,0
 067408 ,4      ,0
 067408 ,3      ,1 
 067420 ,8      ,1
 067520 ,8      ,0
 067520 ,STAR_SOLID,0,0,120
 067620 ,8      ,1
 067720 ,8      ,0
 067785 ,3      ,0
 067794 ,5      ,1 
 067820 ,8      ,1 
 067920 ,8      ,0
 068020 ,8      ,1
 068120 ,8      ,0
 068200 ,5      ,0
 068200 ,4      ,1 
 068220 ,8      ,1
 068320 ,8      ,0
 068420 ,8      ,1
 068520 ,8      ,0
 068520 ,STAR_SOLID,0,0,130
 068595 ,4      ,0
 068615 ,5      ,1 
 068620 ,8      ,1
 068720 ,8      ,0
 068820 ,8      ,1
 068920 ,8      ,0
 069010 ,5      ,0
 069010 ,4      ,1 
 069020 ,8      ,1
 069120 ,8      ,0
 069220 ,8      ,1
 069320 ,8      ,0
 069420 ,8      ,1
 069422 ,4      ,0
 069422 ,3      ,1 
 069520 ,8      ,0
 069520 ,STAR_SOLID,0,0,140
 069620 ,8      ,1
 069671 ,3      ,0
 069671 ,8      ,0
 069814 ,1      ,1 
 069814 ,2      ,1
 069814 ,3      ,1
 069814 ,4      ,1
 069814 ,5      ,1
 069814 ,6      ,1
 069814 ,7      ,1
 069814 ,8      ,1
 069814 ,STAR_SOLID,255,255,255 
 070110 ,1      ,0 
 070110 ,2      ,0
 070110 ,3      ,0
 070110 ,4      ,0
 070110 ,5      ,0
 070110 ,6      ,0
 070110 ,7      ,0
 070110 ,8      ,0
 070110 ,STAR_SOLID,0,0,0
 070455 ,5      ,1
 070555 ,5      ,0
 070645 ,4      ,1
 070745 ,4      ,0
 070845 ,3      ,1
 070945 ,3      ,0
 071045 ,2      ,1
 071145 ,2      ,0
 071245 ,1      ,1
 071345 ,1      ,0
 071445 ,1      ,1
 071445 ,2      ,1
 071445 ,3      ,1
 071445 ,4      ,1
 071445 ,5      ,1
 071445 ,6      ,1
 071445 ,7      ,1
 071445 ,8      ,1
 071445 ,STAR_SOLID,204,0,204
 071695 ,1      ,0
 071695 ,2      ,0
 071695 ,3      ,0
 071695 ,4      ,0
 071695 ,5      ,0
 071695 ,6      ,0
 071695 ,7      ,0
 071695 ,8      ,0
 071695 ,STAR_SOLID,0,0,0
 072055 ,5      ,1
 072155 ,5      ,0
 072255 ,4      ,1
 072355 ,4      ,0
 072455 ,3      ,1
 072555 ,3      ,0
 072655 ,2      ,1
 072755 ,2      ,0
 072855 ,1      ,1
 072955 ,1      ,0
 073055 ,1      ,1
 073055 ,2      ,1
 073055 ,3      ,1
 073055 ,4      ,1
 073055 ,5      ,1
 073055 ,6      ,1
 073055 ,7      ,1
 073055 ,8      ,1
 073055 ,STAR_SOLID,204,0,204
 073295 ,1      ,0
 073295 ,2      ,0
 073295 ,3      ,0
 073295 ,4      ,0
 073295 ,5      ,0
 073295 ,6      ,0
 073295 ,7      ,0
 073295 ,8      ,0
 073295 ,STAR_SOLID,0,0,0
 073675 ,1      ,1
 073675 ,2      ,1
 073675 ,3      ,1
 073675 ,4      ,1
 073675 ,5      ,1
 073675 ,6      ,1
 073675 ,7      ,1
 073675 ,8      ,1
 073675 ,STAR_SOLID,204,0,204
 073775 ,1      ,0
 073775 ,2      ,0
 073775 ,3      ,0
 073775 ,4      ,0
 073775 ,5      ,0
 073775 ,6      ,0
 073775 ,7      ,0
 073775 ,8      ,0
 073775 ,STAR_SOLID,0,0,0
 073875 ,1      ,1
 073875 ,2      ,1
 073875 ,3      ,1
 073875 ,4      ,1
 073875 ,5      ,1
 073875 ,6      ,1
 073875 ,7      ,1
 073875 ,8      ,1
 073875 ,STAR_SOLID,204,0,204
 073975 ,1      ,0
 073975 ,2      ,0
 073975 ,3      ,0
 073975 ,4      ,0
 073975 ,5      ,0
 073975 ,6      ,0
 073975 ,7      ,0
 073975 ,8      ,0
 073975 ,STAR_SOLID,0,0,0
 074475 ,1      ,1
 074475 ,2      ,1
 074475 ,3      ,1
 074475 ,4      ,1
 074475 ,5      ,1
 074475 ,6      ,1
 074475 ,7      ,1
 074475 ,8      ,1
 074475 ,STAR_SOLID,204,0,204
 074575 ,1      ,0
 074575 ,2      ,0
 074575 ,3      ,0
 074575 ,4      ,0
 074575 ,5      ,0
 074575 ,6      ,0
 074575 ,7      ,0
 074575 ,8      ,0
 074575 ,STAR_SOLID,0,0,0
 074675 ,1      ,1
 074675 ,2      ,1
 074675 ,3      ,1
 074675 ,4      ,1
 074675 ,5      ,1
 074675 ,6      ,1
 074675 ,7      ,1
 074675 ,8      ,1
 074675 ,STAR_SOLID,204,0,204
 074775 ,1      ,0
 074775 ,2      ,0
 074775 ,3      ,0
 074775 ,4      ,0
 074775 ,5      ,0
 074775 ,6      ,0
 074775 ,7      ,0
 074775 ,8      ,0
 074775 ,STAR_SOLID,0,0,0
 075095 ,7      ,1
 075095 ,STAR_SOLID,0,255,0
 075495 ,7      ,0
 075495 ,STAR_SOLID,0,0,0
 075495 ,6      ,1
 075495 ,STAR_SOLID,255,0,0
 075895 ,6      ,0
 075895 ,STAR_SOLID,0,0,0
 075895 ,8      ,1
 075895 ,STAR_SOLID,0,0,255
 076295 ,8      ,0
 076295 ,STAR_SOLID,0,0,0
 076315 ,6      ,1
 076315 ,STAR_POINT2,255,0,0
 076315 ,1      ,1
 076365 ,1      ,0
 076415 ,2      ,1
 076465 ,2      ,0
 076515 ,3      ,1 
 076565 ,3      ,0
 076615 ,4      ,1
 076665 ,4      ,0
 076715 ,6      ,0
 076715 ,7      ,1
 076715 ,STAR_POINT3,0,255,0
 076715 ,5      ,1
 076765 ,5      ,0
 076815 ,4      ,1
 076865 ,4      ,0
 076915 ,3      ,1
 076915 ,STAR_POINT2,0,0,0
 076965 ,3      ,0
 077015 ,2      ,1
 077065 ,2      ,0
 077115 ,7      ,0
 077115 ,6      ,1
 077115 ,STAR_POINT4,255,0,0
 077115 ,1      ,1
 077165 ,1      ,0
 077215 ,2      ,1
 077265 ,2      ,0
 077315 ,3      ,1
 077315 ,STAR_POINT3,0,0,0
 077365 ,3      ,0
 077315 ,4      ,1
 077365 ,4      ,0
 077515 ,6      ,0
 077515 ,7      ,1
 077515 ,STAR_POINT5,0,255,0
 077515 ,5      ,1
 077565 ,5      ,0
 077615 ,4      ,1
 077665 ,4      ,0
 077715 ,3      ,1
 077715 ,STAR_POINT4,0,0,0
 077765 ,3      ,0
 077815 ,2      ,1
 077865 ,2      ,0
 077915 ,7      ,0
 077915 ,8      ,1
 077915 ,STAR_POINT1,0,0,255
 077915 ,1      ,1
 077965 ,1      ,0
 078015 ,2      ,1
 078065 ,2      ,0
 078115 ,3      ,1
 078115 ,STAR_POINT5,0,0,0
 078165 ,3      ,0
 078215 ,4      ,1
 078265 ,4      ,0
 078315 ,8      ,0
 078315 ,7      ,1
 078315 ,STAR_POINT2,0,255,0
 078315 ,5      ,1
 078365 ,5      ,0
 078415 ,4      ,1
 078465 ,4      ,0
 078515 ,3      ,1
 078515 ,STAR_POINT1,0,0,0
 078565 ,3      ,0
 078615 ,2      ,1
 078665 ,2      ,0
 078715 ,7      ,0
 078715 ,8      ,1
 078715 ,STAR_POINT3,0,0,255
 078715 ,1      ,1
 078765 ,1      ,0
 078815 ,2      ,1
 078865 ,2      ,0
 078915 ,3      ,1
 078915 ,STAR_POINT2,0,0,0
 078965 ,3      ,0
 079015 ,4      ,1
 079065 ,4      ,0
 079115 ,8      ,0
 079115 ,6      ,1
 079115 ,STAR_POINT4,255,0,0
 079115 ,5      ,1
 079165 ,5      ,0
 079215 ,4      ,1
 079265 ,4      ,0
 079315 ,3      ,1
 079315 ,STAR_POINT3,0,0,0
 079365 ,3      ,0
 079415 ,2      ,1
 079465 ,2      ,0
 079515 ,6      ,0
 079545 ,7      ,1
 079545 ,STAR_POINT5,0,255,0
 079545 ,1      ,1
 079595 ,1      ,0
 079645 ,2      ,1
 079695 ,2      ,0
 079745 ,3      ,1
 079745 ,STAR_POINT4,0,0,0
 079795 ,3      ,0
 079845 ,4      ,1
 079895 ,4      ,0
 079945 ,7      ,0
 079945 ,6      ,1
 079945 ,STAR_POINT1,255,0,0
 079945 ,5      ,1
 079995 ,5      ,0
 080045 ,4      ,1
 080095 ,4      ,0
 080145 ,3      ,1
 080145 ,STAR_POINT5,0,0,0
 080195 ,3      ,0
 080245 ,2      ,1
 080295 ,2      ,0
 080345 ,6      ,0
 080345 ,8      ,1
 080345 ,STAR_POINT2,0,0,255
 080345 ,1      ,1
 080395 ,1      ,0
 080445 ,2      ,1
 080495 ,2      ,0
 080545 ,3      ,1
 080545 ,STAR_POINT1,0,0,0
 080595 ,3      ,0
 080645 ,4      ,1
 080695 ,4      ,0
 080745 ,8      ,0
 080745 ,7      ,1
 080745 ,STAR_POINT3,0,255,0
 080745 ,5      ,1
 080795 ,5      ,0
 080845 ,4      ,1
 080895 ,4      ,0
 080945 ,3      ,1
 080945 ,STAR_POINT2,0,0,0
 080995 ,3      ,0
 081045 ,7      ,0
 081145 ,6      ,1
 081145 ,7      ,1
 081145 ,8      ,1
 081145 ,STAR_POINT4,0,0,255
 081395 ,6      ,0
 081395 ,7      ,0
 081395 ,8      ,0 
 081395 ,STAR_SOLID,0,0,0
 081355 ,5      ,1
 081455 ,5      ,0
 081555 ,4      ,1
 081655 ,4      ,0
 081755 ,3      ,1
 081855 ,3      ,0
 081955 ,2      ,1
 082055 ,2      ,0
 082155 ,1      ,1
 082255 ,1      ,0
 082355 ,2      ,1
 082355 ,4      ,1
 082455 ,2      ,0
 082455 ,4      ,0
 082555 ,1      ,1
 082555 ,3      ,1
 082555 ,5      ,1
 082655 ,1      ,0
 082655 ,3      ,0
 082655 ,5      ,0  
 082765 ,6      ,1
 082765 ,STAR_POINT2,255,0,0
 082765 ,1      ,1
 082815 ,1      ,0
 082865 ,2      ,1
 082915 ,2      ,0
 082965 ,3      ,1
 083015 ,3      ,0
 083065 ,4      ,1
 083115 ,4      ,0
 083165 ,6      ,0
 083165 ,7      ,1
 083165 ,STAR_POINT3,0,255,0
 083165 ,5      ,1
 083215 ,5      ,0
 083265 ,4      ,1
 083315 ,4      ,0
 083365 ,3      ,1
 083365 ,STAR_POINT2,0,0,0
 083415 ,3      ,0
 083465 ,2      ,1
 083515 ,2      ,0
 083565 ,7      ,0
 083565 ,6      ,1
 083565 ,STAR_POINT4,255,0,0
 083565 ,1      ,1
 083615 ,1      ,0
 083665 ,2      ,1
 083715 ,2      ,0
 083765 ,3      ,1
 083765 ,STAR_POINT3,0,0,0
 083815 ,3      ,0
 083765 ,4      ,1
 083815 ,4      ,0
 083965 ,6      ,0
 083965 ,7      ,1
 083965 ,STAR_POINT5,0,255,0
 083965 ,5      ,1
 084015 ,5      ,0
 084065 ,4      ,1
 084115 ,4      ,0
 084165 ,3      ,1
 084165 ,STAR_POINT4,0,0,0
 084215 ,3      ,0
 084265 ,2      ,1
 084315 ,2      ,0
 084365 ,7      ,0
 084365 ,8      ,1
 084365 ,STAR_POINT1,0,0,255
 084365 ,1      ,1
 084415 ,1      ,0
 084465 ,2      ,1
 084515 ,2      ,0
 084565 ,3      ,1
 084565 ,STAR_POINT5,0,0,0
 084615 ,3      ,0
 084665 ,4      ,1
 084715 ,4      ,0
 084765 ,8      ,0
 084765 ,7      ,1
 084765 ,STAR_POINT2,0,255,0
 084765 ,5      ,1
 084815 ,5      ,0
 084865 ,4      ,1
 084915 ,4      ,0
 084965 ,3      ,1
 084965 ,STAR_POINT1,0,0,0
 085015 ,3      ,0
 085065 ,2      ,1
 085115 ,2      ,0
 085165 ,7      ,0
 085165 ,8      ,1
 085165 ,STAR_POINT3,0,0,255
 085165 ,1      ,1
 085215 ,1      ,0
 085265 ,2      ,1
 085315 ,2      ,0
 085365 ,3      ,1
 085365 ,STAR_POINT2,0,0,0
 085415 ,3      ,0
 085465 ,4      ,1
 085515 ,4      ,0
 085565 ,8      ,0
 085565 ,6      ,1
 085565 ,STAR_POINT4,255,0,0
 085565 ,5      ,1
 085615 ,5      ,0
 085665 ,4      ,1
 085715 ,4      ,0
 085765 ,3      ,1
 085765 ,STAR_POINT3,0,0,0
 085815 ,3      ,0
 085865 ,2      ,1
 085915 ,2      ,0
 085965 ,6      ,0
 085995 ,7      ,1
 085995 ,STAR_POINT5,0,255,0
 085995 ,1      ,1
 086045 ,1      ,0
 086095 ,2      ,1
 086145 ,2      ,0
 086195 ,3      ,1
 086195 ,STAR_POINT4,0,0,0
 086245 ,3      ,0
 086295 ,4      ,1
 086345 ,4      ,0
 086395 ,7      ,0
 086395 ,6      ,1
 086395 ,STAR_POINT1,255,0,0
 086395 ,5      ,1
 086445 ,5      ,0
 086495 ,4      ,1
 086545 ,4      ,0
 086595 ,3      ,1
 086595 ,STAR_POINT5,0,0,0
 086645 ,3      ,0
 086695 ,2      ,1
 086745 ,2      ,0
 086795 ,6      ,0
 086795 ,8      ,1
 086795 ,STAR_POINT2,0,0,255
 086795 ,1      ,1
 086845 ,1      ,0
 086895 ,2      ,1
 086945 ,2      ,0
 086995 ,3      ,1
 086995 ,STAR_POINT1,0,0,0
 087045 ,3      ,0
 087095 ,4      ,1
 087145 ,4      ,0
 087195 ,8      ,0
 087195 ,7      ,1
 087195 ,STAR_POINT3,0,255,0
 087195 ,5      ,1
 087245 ,5      ,0
 087295 ,4      ,1
 087345 ,4      ,0
 087395 ,3      ,1
 087395 ,STAR_POINT2,0,0,0
 087445 ,3      ,0
 087495 ,7      ,0
 087595 ,6      ,1
 087595 ,7      ,1
 087595 ,8      ,1
 087595 ,STAR_POINT4,0,0,255
 087845 ,6      ,0
 087845 ,7      ,0
 087845 ,8      ,0
 087845 ,STAR_SOLID,0,0,0
 088235 ,5      ,1
 088335 ,5      ,0
 088425 ,4      ,1
 088525 ,4      ,0
 088625 ,3      ,1
 088725 ,3      ,0
 088825 ,2      ,1
 088925 ,2      ,0
 089025 ,1      ,1
 089125 ,1      ,0
 089225 ,1      ,1
 089225 ,2      ,1
 089225 ,3      ,1
 089225 ,4      ,1
 089225 ,5      ,1
 089225 ,6      ,1
 089225 ,7      ,1
 089225 ,8      ,1
 089225 ,STAR_SOLID,255,255,255
 089475 ,1      ,0
 089475 ,2      ,0
 089475 ,3      ,0
 089475 ,4      ,0
 089475 ,5      ,0
 089475 ,6      ,0
 089475 ,7      ,0
 089475 ,8      ,0
 089475 ,STAR_SOLID,0,0,0
 089855 ,5      ,1
 089955 ,5      ,0
 090045 ,4      ,1
 090145 ,4      ,0
 090245 ,3      ,1
 090345 ,3      ,0
 090445 ,2      ,1
 090545 ,2      ,0
 090645 ,1      ,1
 090745 ,1      ,0
 090845 ,1      ,1
 090845 ,2      ,1
 090845 ,3      ,1
 090845 ,4      ,1
 090845 ,5      ,1
 090845 ,6      ,1
 090845 ,7      ,1
 090845 ,8      ,1
 090845 ,STAR_SOLID,255,255,255
 091095 ,1      ,0
 091095 ,2      ,0
 091095 ,3      ,0
 091095 ,4      ,0
 091095 ,5      ,0
 091095 ,6      ,0
 091095 ,7      ,0
 091095 ,8      ,0
 091095 ,STAR_SOLID,0,0,0 
 091455 ,5      ,1
 091555 ,5      ,0
 091645 ,4      ,1
 091745 ,4      ,0
 091845 ,3      ,1
 091945 ,3      ,0
 092045 ,2      ,1
 092145 ,2      ,0
 092245 ,1      ,1
 092345 ,1      ,0
 092445 ,1      ,1
 092545 ,1      ,0
 092860 ,2      ,1
 092960 ,2      ,0
 093260 ,3      ,1
 093360 ,3      ,0
 093660 ,4      ,1
 093760 ,4      ,0
 094060 ,5      ,1
 094160 ,5      ,0
 094460 ,4      ,1
 094560 ,4      ,0
 094860 ,3      ,1
 094960 ,3      ,0
 095260 ,2      ,1
 095360 ,2      ,0
 095700 ,1      ,1
 095800 ,1      ,0
 095900 ,2      ,1
 096000 ,2      ,0
 096100 ,1      ,1
 096200 ,1      ,0
 096300 ,3      ,1
 096400 ,3      ,0
 096500 ,2      ,1
 096600 ,2      ,0
 096700 ,3      ,1
 096800 ,3      ,0
 096900 ,2      ,1
 097000 ,2      ,0
 097100 ,4      ,1
 097200 ,4      ,0
 097300 ,3      ,1
 097400 ,3      ,0
 097500 ,4      ,1
 097600 ,4      ,0
 097700 ,3      ,1
 097800 ,3      ,0
 097900 ,5      ,1
 098000 ,5      ,0
 098100 ,4      ,1
 098200 ,4      ,0
 098300 ,5      ,1
 098400 ,5      ,0
 098500 ,4      ,1
 098600 ,4      ,0
 098700 ,5      ,1
 098800 ,5      ,0
 098920 ,7      ,1
 099020 ,7      ,0
 099120 ,6      ,1
 099220 ,6      ,0
 099520 ,6      ,1
 099620 ,6      ,0
 099720 ,7      ,1
 099820 ,7      ,0
 099920 ,6      ,1
 100020 ,6      ,0
 100320 ,6      ,1
 100420 ,6      ,0
 100520 ,7      ,1
 100620 ,7      ,0
 100720 ,6      ,1
 100820 ,6      ,0
 101120 ,6      ,1
 101220 ,6      ,0
 101320 ,7      ,1
 101420 ,7      ,0
 101520 ,6      ,1
 101620 ,6      ,0
 101920 ,6      ,1
 102020 ,6      ,0
 102120 ,7      ,1
 102220 ,7      ,0
 102320 ,6      ,1
 102420 ,6      ,0
 102720 ,6      ,1
 102820 ,6      ,0
 102920 ,7      ,1
 103020 ,7      ,0
 103120 ,6      ,1
 103220 ,6      ,0
 103520 ,6      ,1
 103620 ,6      ,0
 103720 ,7      ,1
 103820 ,7      ,0
 103920 ,6      ,1
 104020 ,6      ,0
 104320 ,6      ,1
 104420 ,6      ,0
 104520 ,7      ,1
 104620 ,7      ,0
 104720 ,6      ,1
 104820 ,6      ,0
 105120 ,6      ,1
 105220 ,6      ,0
 105320 ,7      ,1
 105420 ,7      ,0
 105440 ,STAR_INSIDE_SOLID,0,0,150
 105520 ,6      ,1
 105620 ,6      ,0
 105920 ,6      ,1
 106020 ,6      ,0
 106120 ,7      ,1
 106220 ,7      ,0
 106320 ,6      ,1
 106420 ,6      ,0
 106620 ,STAR_INSIDE_SOLID,150,0,150
 106720 ,6      ,1
 106820 ,6      ,0
 106920 ,7      ,1
 107020 ,7      ,0
 107120 ,6      ,1
 107220 ,6      ,0
 107420 ,STAR_INSIDE_SOLID,150,0,150
 107520 ,6      ,1
 107620 ,6      ,0
 107720 ,7      ,1
 107820 ,7      ,0
 107920 ,6      ,1
 108020 ,6      ,0
 108220 ,STAR_TIPS,200,0,200,0,0,0
 108320 ,6      ,1
 108420 ,6      ,0
 108520 ,7      ,1
 108620 ,7      ,0
 108720 ,6      ,1
 108820 ,6      ,0
 109020 ,STAR_TIPS,200,0,200,200,0,200
 109120 ,6      ,1
 109220 ,6      ,0
 109320 ,7      ,1
 109420 ,7      ,0
 109520 ,6      ,1
 109620 ,6      ,0
 109620 ,STAR_INSIDE_SOLID,0,0,150
 109920 ,6      ,1
 110020 ,6      ,0
 110120 ,7      ,1
 110220 ,7      ,0
 110320 ,6      ,1
 110420 ,6      ,0
 110620 ,STAR_INSIDE_SOLID,150,0,150
 110720 ,6      ,1
 110820 ,6      ,0
 110920 ,7      ,1
 111020 ,7      ,0
 111120 ,6      ,1
 111220 ,6      ,0
 111420 ,STAR_INSIDE_SOLID,150,0,150
 111520 ,6      ,1
 111620 ,6      ,0
 111720 ,7      ,1
 111820 ,7      ,0
 111920 ,6      ,1
 112020 ,6      ,0
 112220 ,STAR_TIPS,200,0,200,0,0,0
 112320 ,6      ,1
 112420 ,6      ,0
 112520 ,7      ,1
 112620 ,7      ,0
 112720 ,6      ,1
 112820 ,6      ,0
 112920 ,STAR_TIPS,0,0,0,200,0,200
 113120 ,6      ,1
 113220 ,6      ,0
 113320 ,7      ,1
 113420 ,7      ,0
 113520 ,6      ,1
 113620 ,6      ,0
 113820 ,STAR_TIPS,0,0,0,0,0,200
 113920 ,6      ,1
 114020 ,6      ,0
 114120 ,7      ,1
 114220 ,7      ,0
 114320 ,6      ,1
 114420 ,6      ,0
 114720 ,6      ,1
 114820 ,6      ,0
 114920 ,7      ,1
 115020 ,7      ,0
 115040 ,STAR_INSIDE_SOLID,0,0,150 
 115120 ,6      ,1
 115220 ,6      ,0
 115520 ,6      ,1
 115620 ,6      ,0
 115720 ,7      ,1
 115820 ,7      ,0
 115920 ,6      ,1
 116020 ,6      ,0
 116220 ,STAR_INSIDE_SOLID,150,0,150
 116320 ,6      ,1
 116420 ,6      ,0
 116520 ,7      ,1
 116620 ,7      ,0
 116720 ,6      ,1
 116820 ,6      ,0
 117020 ,STAR_INSIDE_SOLID,150,0,150
 117120 ,6      ,1
 117220 ,6      ,0
 117320 ,7      ,1
 117420 ,7      ,0
 117520 ,6      ,1
 117620 ,6      ,0
 117820 ,STAR_TIPS,200,0,200,0,0,0
 117920 ,6      ,1
 118020 ,6      ,0
 118120 ,7      ,1
 118220 ,7      ,0
 118320 ,6      ,1
 118420 ,6      ,0
 118620 ,STAR_TIPS,200,0,200,200,0,200 
 118720 ,6      ,1
 118820 ,6      ,0
 118920 ,7      ,1
 119020 ,7      ,0
 119120 ,6      ,1
 119220 ,6      ,0
 119420 ,STAR_INSIDE_SOLID,0,0,150
 119520 ,6      ,1
 119620 ,6      ,0
 119720 ,7      ,1
 119820 ,7      ,0
 119920 ,6      ,1
 120020 ,6      ,0
 120220 ,STAR_INSIDE_SOLID,150,0,150 
 120320 ,6      ,1
 120420 ,6      ,0
 120520 ,7      ,1
 120620 ,7      ,0
 120720 ,6      ,1
 120820 ,6      ,0
 121020 ,STAR_INSIDE_SOLID,150,0,150 
 121120 ,6      ,1
 121220 ,6      ,0
 121320 ,7      ,1
 121420 ,7      ,0
 121520 ,6      ,1
 121620 ,6      ,0
 121820 ,STAR_TIPS,200,0,200,0,0,0
 121920 ,6      ,1
 122020 ,6      ,0 
 122120 ,7      ,1
 122220 ,7      ,0
 122320 ,6      ,1
 122420 ,6      ,0
 122620 ,STAR_TIPS,0,0,0,200,0,200
 122720 ,6      ,1
 122820 ,6      ,0
 122920 ,7      ,1
 123020 ,7      ,0
 123120 ,6      ,1
 123220 ,6      ,0
 123420 ,STAR_TIPS,0,0,0,0,0,200
 123520 ,6      ,1
 123620 ,6      ,0
 123720 ,7      ,1
 123820 ,7      ,0
 123920 ,6      ,1
 124020 ,6      ,0
 124220 ,STAR_TIPS,0,0,0,0,0,100
 124320 ,6      ,1
 124420 ,6      ,0
 124520 ,7      ,1
 124620 ,7      ,0
 124720 ,6      ,1
 124780 ,6      ,0  
 124789 ,STAR_SOLID,255,255,255
 124789 ,1      ,1
 124789 ,2      ,1
 124789 ,3      ,1
 124789 ,4      ,1
 124789 ,5      ,1
 124789 ,6      ,1
 124789 ,7      ,1
 124789 ,8      ,1
 125085 ,1      ,0
 125085 ,2      ,0
 125085 ,3      ,0
 125085 ,4      ,0
 125085 ,5      ,0
 125085 ,6      ,0
 125085 ,7      ,0
 125085 ,8      ,0
 125085 ,STAR_SOLID,0,0,0
 125430 ,5      ,1
 125530 ,5      ,0
 125620 ,4      ,1
 125720 ,4      ,0
 125820 ,3      ,1
 125920 ,3      ,0
 126020 ,2      ,1
 126120 ,2      ,0
 126220 ,1      ,1
 126320 ,1      ,0
 126420 ,1      ,1
 126420 ,2      ,1
 126420 ,3      ,1
 126420 ,4      ,1
 126420 ,5      ,1
 126420 ,6      ,1
 126420 ,7      ,1
 126420 ,8      ,1
 126420 ,STAR_SOLID,204,0,204
 126670 ,1      ,0
 126670 ,2      ,0
 126670 ,3      ,0
 126670 ,4      ,0
 126670 ,5      ,0
 126670 ,6      ,0
 126670 ,7      ,0
 126670 ,8      ,0
 126670 ,STAR_SOLID,0,0,0
 127030 ,5      ,1
 127130 ,5      ,0
 127230 ,4      ,1
 127330 ,4      ,0
 127430 ,3      ,1
 127530 ,3      ,0
 127630 ,2      ,1
 127730 ,2      ,0
 127830 ,1      ,1
 127930 ,1      ,0
 128030 ,1      ,1
 128030 ,2      ,1
 128030 ,3      ,1
 128030 ,4      ,1
 128030 ,5      ,1
 128030 ,6      ,1
 128030 ,7      ,1
 128030 ,8      ,1
 128030 ,STAR_SOLID,204,0,204
 128270 ,1      ,0
 128270 ,2      ,0
 128270 ,3      ,0
 128270 ,4      ,0
 128270 ,5      ,0
 128270 ,6      ,0
 128270 ,7      ,0
 128270 ,8      ,0
 128270 ,STAR_SOLID,0,0,0
 128650 ,1      ,1
 128650 ,2      ,1
 128650 ,3      ,1
 128650 ,4      ,1
 128650 ,5      ,1
 128650 ,6      ,1
 128650 ,7      ,1
 128650 ,8      ,1
 128650 ,STAR_SOLID,204,0,204
 128750 ,1      ,0
 128750 ,2      ,0
 128750 ,3      ,0
 128750 ,4      ,0
 128750 ,5      ,0
 128750 ,6      ,0
 128750 ,7      ,0
 128750 ,8      ,0
 128750 ,STAR_SOLID,0,0,0
 128850 ,1      ,1
 128850 ,2      ,1
 128850 ,3      ,1
 128850 ,4      ,1
 128850 ,5      ,1
 128850 ,6      ,1
 128850 ,7      ,1
 128850 ,8      ,1
 128850 ,STAR_SOLID,204,0,204
 128950 ,1      ,0
 128950 ,2      ,0
 128950 ,3      ,0
 128950 ,4      ,0
 128950 ,5      ,0
 128950 ,6      ,0
 128950 ,7      ,0
 128950 ,8      ,0
 128950 ,STAR_SOLID,0,0,0
 129450 ,1      ,1
 129450 ,2      ,1
 129450 ,3      ,1
 129450 ,4      ,1
 129450 ,5      ,1
 129450 ,6      ,1
 129450 ,7      ,1
 129450 ,8      ,1
 129450 ,STAR_SOLID,204,0,204
 129550 ,1      ,0
 129550 ,2      ,0
 129550 ,3      ,0
 129550 ,4      ,0
 129550 ,5      ,0
 129550 ,6      ,0
 129550 ,7      ,0
 129550 ,8      ,0
 129550 ,STAR_SOLID,0,0,0
 129650 ,1      ,1
 129650 ,2      ,1
 129650 ,3      ,1
 129650 ,4      ,1
 129650 ,5      ,1
 129650 ,6      ,1
 129650 ,7      ,1
 129650 ,8      ,1
 129650 ,STAR_SOLID,204,0,204
 129750 ,1      ,0
 129750 ,2      ,0
 129750 ,3      ,0
 129750 ,4      ,0
 129750 ,5      ,0
 129750 ,6      ,0
 129750 ,7      ,0
 129750 ,8      ,0
 129750 ,STAR_SOLID,0,0,0
 130070 ,7      ,1
 130070 ,STAR_SOLID,0,255,0
 130470 ,7      ,0
 130470 ,STAR_SOLID,0,0,0
 130470 ,6      ,1
 130470 ,STAR_SOLID,255,0,0
 130870 ,6      ,0
 130870 ,STAR_SOLID,0,0,0
 130870 ,8      ,1
 130870 ,STAR_SOLID,0,0,255
 131270 ,8      ,0
 131270 ,STAR_SOLID,0,0,0
 131290 ,6      ,1
 131290 ,STAR_POINT2,255,0,0
 131290 ,1      ,1
 131340 ,1      ,0
 131390 ,2      ,1
 131440 ,2      ,0
 131490 ,3      ,1
 131540 ,3      ,0
 131590 ,4      ,1
 131640 ,4      ,0
 131690 ,6      ,0
 131690 ,7      ,1
 131690 ,STAR_POINT3,0,255,0
 131690 ,5      ,1
 131740 ,5      ,0
 131790 ,4      ,1
 131840 ,4      ,0
 131890 ,3      ,1
 131890 ,STAR_POINT2,0,0,0
 131940 ,3      ,0
 131990 ,2      ,1
 132040 ,2      ,0
 132090 ,7      ,0
 132090 ,6      ,1
 132090 ,STAR_POINT4,255,0,0
 132090 ,1      ,1
 132140 ,1      ,0
 132190 ,2      ,1
 132240 ,2      ,0
 132290 ,3      ,1
 132290 ,STAR_POINT3,0,0,0
 132340 ,3      ,0
 132290 ,4      ,1
 132340 ,4      ,0
 132490 ,6      ,0
 132490 ,7      ,1
 132490 ,STAR_POINT5,0,255,0
 132490 ,5      ,1
 132540 ,5      ,0
 132590 ,4      ,1
 132640 ,4      ,0
 132690 ,3      ,1
 132690 ,STAR_POINT4,0,0,0
 132740 ,3      ,0
 132790 ,2      ,1
 132840 ,2      ,0
 132890 ,7      ,0
 132890 ,8      ,1
 132890 ,STAR_POINT1,0,0,255
 132890 ,1      ,1
 132940 ,1      ,0
 132990 ,2      ,1
 133040 ,2      ,0
 133090 ,3      ,1
 133090 ,STAR_POINT5,0,0,0
 133140 ,3      ,0
 133190 ,4      ,1
 133240 ,4      ,0
 133290 ,8      ,0
 133290 ,7      ,1
 133290 ,STAR_POINT2,0,255,0
 133290 ,5      ,1
 133340 ,5      ,0
 133390 ,4      ,1
 133440 ,4      ,0
 133490 ,3      ,1
 133490 ,STAR_POINT1,0,0,0
 133540 ,3      ,0
 133590 ,2      ,1
 133640 ,2      ,0
 133690 ,7      ,0
 133690 ,8      ,1
 133690 ,STAR_POINT3,0,0,255
 133690 ,1      ,1
 133740 ,1      ,0
 133790 ,2      ,1
 133840 ,2      ,0
 133890 ,3      ,1
 133890 ,STAR_POINT2,0,0,0
 133940 ,3      ,0
 133990 ,4      ,1
 134040 ,4      ,0
 134090 ,8      ,0
 134090 ,6      ,1
 134090 ,STAR_POINT4,255,0,0
 134090 ,5      ,1
 134140 ,5      ,0
 134190 ,4      ,1
 134240 ,4      ,0
 134290 ,3      ,1
 134290 ,STAR_POINT3,0,0,0
 134340 ,3      ,0
 134390 ,2      ,1
 134440 ,2      ,0
 134490 ,6      ,0
 134520 ,7      ,1
 134520 ,STAR_POINT5,0,255,0
 134520 ,1      ,1
 134570 ,1      ,0
 134620 ,2      ,1
 134670 ,2      ,0
 134720 ,3      ,1
 134720 ,STAR_POINT4,0,0,0
 134770 ,3      ,0
 134820 ,4      ,1
 134870 ,4      ,0
 134920 ,7      ,0
 134920 ,6      ,1
 134920 ,STAR_POINT1,255,0,0
 134920 ,5      ,1
 134970 ,5      ,0
 135020 ,4      ,1
 135070 ,4      ,0
 135120 ,3      ,1
 135120 ,STAR_POINT5,0,0,0
 135170 ,3      ,0
 135220 ,2      ,1
 135270 ,2      ,0
 135320 ,6      ,0
 135320 ,8      ,1
 135320 ,STAR_POINT2,0,0,255
 135320 ,1      ,1
 135370 ,1      ,0
 135420 ,2      ,1
 135470 ,2      ,0
 135520 ,3      ,1
 135520 ,STAR_POINT1,0,0,0
 135570 ,3      ,0
 135620 ,4      ,1
 135670 ,4      ,0
 135720 ,8      ,0
 135720 ,7      ,1
 135720 ,STAR_POINT3,0,255,0
 135720 ,5      ,1
 135770 ,5      ,0
 135820 ,4      ,1
 135870 ,4      ,0
 135920 ,3      ,1
 135920 ,STAR_POINT2,0,0,0
 135970 ,3      ,0
 136020 ,7      ,0
 136120 ,6      ,1
 136120 ,7      ,1
 136120 ,8      ,1
 136120 ,STAR_POINT4,0,0,255
 136370 ,6      ,0
 136370 ,7      ,0
 136370 ,8      ,0
 136370 ,STAR_SOLID,0,0,0
 136330 ,5      ,1
 136430 ,5      ,0
 136530 ,4      ,1
 136630 ,4      ,0
 136730 ,3      ,1
 136830 ,3      ,0
 136930 ,2      ,1
 137030 ,2      ,0
 137130 ,1      ,1
 137230 ,1      ,0
 137330 ,2      ,1
 137330 ,4      ,1
 137430 ,2      ,0
 137430 ,4      ,0
 137530 ,1      ,1
 137530 ,3      ,1
 137530 ,5      ,1
 137630 ,1      ,0
 137630 ,3      ,0
 137630 ,5      ,0
 137740 ,6      ,1
 137740 ,STAR_POINT2,255,0,0
 137740 ,1      ,1
 137790 ,1      ,0
 137840 ,2      ,1
 137890 ,2      ,0
 137940 ,3      ,1
 137990 ,3      ,0
 138040 ,4      ,1
 138090 ,4      ,0
 138140 ,6      ,0
 138140 ,7      ,1
 138140 ,STAR_POINT3,0,255,0
 138140 ,5      ,1
 138190 ,5      ,0
 138240 ,4      ,1
 138290 ,4      ,0
 138340 ,3      ,1
 138340 ,STAR_POINT2,0,0,0
 138390 ,3      ,0
 138440 ,2      ,1
 138490 ,2      ,0
 138540 ,7      ,0
 138540 ,6      ,1
 138540 ,STAR_POINT4,255,0,0
 138540 ,1      ,1
 138590 ,1      ,0
 138640 ,2      ,1
 138690 ,2      ,0
 138740 ,3      ,1
 138740 ,STAR_POINT3,0,0,0
 138790 ,3      ,0
 138740 ,4      ,1
 138790 ,4      ,0
 138940 ,6      ,0
 138940 ,7      ,1
 138940 ,STAR_POINT5,0,255,0
 138940 ,5      ,1
 138990 ,5      ,0
 139040 ,4      ,1
 139090 ,4      ,0
 139140 ,3      ,1
 139140 ,STAR_POINT4,0,0,0
 139190 ,3      ,0
 139240 ,2      ,1
 139290 ,2      ,0
 139340 ,7      ,0
 139340 ,8      ,1
 139340 ,STAR_POINT1,0,0,255
 139340 ,1      ,1
 139390 ,1      ,0
 139440 ,2      ,1
 139490 ,2      ,0
 139540 ,3      ,1
 139540 ,STAR_POINT5,0,0,0
 139590 ,3      ,0
 139640 ,4      ,1
 139690 ,4      ,0
 139740 ,8      ,0
 139740 ,7      ,1
 139740 ,STAR_POINT2,0,255,0
 139740 ,5      ,1
 139790 ,5      ,0
 139840 ,4      ,1
 139890 ,4      ,0
 139940 ,3      ,1
 139940 ,STAR_POINT1,0,0,0
 139990 ,3      ,0
 140040 ,2      ,1
 140090 ,2      ,0
 140140 ,7      ,0
 140140 ,8      ,1
 140140 ,STAR_POINT3,0,0,255
 140140 ,1      ,1
 140190 ,1      ,0
 140240 ,2      ,1
 140290 ,2      ,0
 140340 ,3      ,1
 140340 ,STAR_POINT2,0,0,0
 140390 ,3      ,0
 140440 ,4      ,1
 140490 ,4      ,0
 140540 ,8      ,0
 140540 ,6      ,1
 140540 ,STAR_POINT4,255,0,0
 140540 ,5      ,1
 140590 ,5      ,0
 140640 ,4      ,1
 140690 ,4      ,0
 140740 ,3      ,1
 140740 ,STAR_POINT3,0,0,0
 140790 ,3      ,0
 140840 ,2      ,1
 140890 ,2      ,0
 140940 ,6      ,0
 140970 ,7      ,1
 140970 ,STAR_POINT5,0,255,0
 140970 ,1      ,1
 141020 ,1      ,0
 141070 ,2      ,1
 141120 ,2      ,0
 141170 ,3      ,1
 141170 ,STAR_POINT4,0,0,0
 141220 ,3      ,0
 141270 ,4      ,1
 141320 ,4      ,0
 141370 ,7      ,0
 141370 ,6      ,1
 141370 ,STAR_POINT1,255,0,0
 141370 ,5      ,1
 141420 ,5      ,0
 141470 ,4      ,1
 141520 ,4      ,0
 141570 ,3      ,1
 141570 ,STAR_POINT5,0,0,0
 141620 ,3      ,0
 141670 ,2      ,1
 141720 ,2      ,0
 141770 ,6      ,0
 141770 ,8      ,1
 141770 ,STAR_POINT2,0,0,255
 141770 ,1      ,1
 141820 ,1      ,0
 141870 ,2      ,1
 141920 ,2      ,0
 141970 ,3      ,1
 141970 ,STAR_POINT1,0,0,0
 142020 ,3      ,0
 142070 ,4      ,1
 142120 ,4      ,0
 142170 ,8      ,0
 142170 ,7      ,1
 142170 ,STAR_POINT3,0,255,0
 142170 ,5      ,1
 142220 ,5      ,0
 142270 ,4      ,1
 142320 ,4      ,0
 142370 ,3      ,1
 142370 ,STAR_POINT2,0,0,0
 142420 ,3      ,0
 142470 ,7      ,0
 142570 ,6      ,1
 142570 ,7      ,1
 142570 ,8      ,1
 142570 ,STAR_POINT4,0,0,255
 142820 ,6      ,0
 142820 ,7      ,0
 142820 ,8      ,0
 142820 ,STAR_SOLID,0,0,0 
 142860 ,1      ,1
 142960 ,1      ,0
 142960 ,2      ,1
 143060 ,2      ,0
 143060 ,1      ,1
 143160 ,1      ,0
 143160 ,3      ,1
 143260 ,3      ,0
 143260 ,2      ,1
 143360 ,2      ,0
 143360 ,3      ,1
 143460 ,3      ,0
 143460 ,2      ,1
 143560 ,2      ,0
 143560 ,4      ,1
 143660 ,4      ,0
 143660 ,3      ,1
 143760 ,3      ,0
 143760 ,4      ,1
 143860 ,4      ,0
 143860 ,3      ,1
 143960 ,3      ,0
 143960 ,5      ,1
 144060 ,5      ,0
 144060 ,4      ,1
 144160 ,4      ,0
 144160 ,5      ,1
 144160 ,5      ,0
 144190 ,STAR_SOLID,204,0,204
 144190 ,1      ,1
 144190 ,2      ,1
 144190 ,3      ,1
 144190 ,4      ,1
 144190 ,5      ,1
 144190 ,6      ,1
 144190 ,7      ,1
 144190 ,8      ,1
 144400 ,1      ,0
 144400 ,2      ,0
 144400 ,3      ,0
 144400 ,4      ,0
 144400 ,5      ,0
 144400 ,6      ,0
 144400 ,7      ,0
 144400 ,8      ,0
 144400 ,STAR_SOLID,0,0,0 
 144520 ,1      ,1
 144620 ,1      ,0
 144620 ,2      ,1
 144720 ,2      ,0
 144720 ,1      ,1
 144820 ,1      ,0
 144820 ,3      ,1
 144920 ,3      ,0
 144920 ,2      ,1
 145020 ,2      ,0
 145020 ,3      ,1
 145120 ,3      ,0
 145120 ,2      ,1
 145220 ,2      ,0
 145220 ,4      ,1
 145320 ,4      ,0
 145320 ,3      ,1
 145420 ,3      ,0
 145420 ,4      ,1
 145520 ,4      ,0
 145520 ,3      ,1
 145620 ,3      ,0
 145620 ,5      ,1
 145720 ,5      ,0
 145720 ,4      ,1
 145820 ,4      ,0
 145820 ,5      ,1
 145820 ,5      ,0
 145815 ,STAR_SOLID,204,0,204
 145815 ,1      ,1
 145815 ,2      ,1
 145815 ,3      ,1
 145815 ,4      ,1
 145815 ,5      ,1
 145815 ,6      ,1
 145815 ,7      ,1
 145815 ,8      ,1
 146025 ,1      ,0
 146025 ,2      ,0
 146025 ,3      ,0
 146025 ,4      ,0
 146025 ,5      ,0
 146025 ,6      ,0
 146025 ,7      ,0
 146025 ,8      ,0
 146025 ,STAR_SOLID,0,0,0 
 146070 ,1      ,1
 146170 ,1      ,0
 146170 ,2      ,1
 146270 ,2      ,0
 146270 ,1      ,1
 146370 ,1      ,0
 146370 ,3      ,1
 146470 ,3      ,0
 146470 ,2      ,1
 146570 ,2      ,0
 146570 ,3      ,1
 146625 ,3      ,0
 146650 ,STAR_SOLID,204,0,204
 146650 ,1      ,1
 146650 ,2      ,1
 146650 ,3      ,1
 146650 ,4      ,1
 146650 ,5      ,1
 146650 ,6      ,1
 146650 ,7      ,1
 146650 ,8      ,1
 146860 ,1      ,0
 146860 ,2      ,0
 146860 ,3      ,0
 146860 ,4      ,0
 146860 ,5      ,0
 146860 ,6      ,0
 146860 ,7      ,0
 146860 ,8      ,0
 146860 ,STAR_SOLID,0,0,0
 146905 ,1      ,1
 147005 ,1      ,0
 147005 ,2      ,1
 147105 ,2      ,0
 147105 ,1      ,1
 147205 ,1      ,0
 147205 ,3      ,1
 147305 ,3      ,0
 147305 ,2      ,1
 147405 ,2      ,0
 147405 ,3      ,1
 147460 ,3      ,0
 147425 ,STAR_SOLID,255,255,255
 147425 ,1      ,1
 147425 ,2      ,1
 147425 ,3      ,1
 147425 ,4      ,1
 147425 ,5      ,1
 147425 ,6      ,1
 147425 ,7      ,1
 147425 ,8      ,1
 147635 ,1      ,0
 147635 ,2      ,0
 147635 ,3      ,0
 147635 ,4      ,0
 147635 ,5      ,0
 147635 ,6      ,0
 147635 ,7      ,0
 147635 ,8      ,0
 147840 ,STAR_SOLID,0,255,0
 147840 ,7      ,1
 148050 ,7      ,0
 148050 ,STAR_SOLID,0,0,0
 148260 ,STAR_SOLID,255,0,0
 148260 ,6      ,1
 148470 ,6      ,0
 148470 ,STAR_SOLID,0,0,0
 148660 ,STAR_SOLID,0,0,255
 148660 ,8      ,1
 148870 ,8      ,0
 148870 ,STAR_SOLID,0,0,0
 149060 ,6      ,1
 149060  ,STAR_POINT2,255,0,0
 149060 ,1      ,1
 149110 ,1      ,0
 149160 ,2      ,1
 149210 ,2      ,0
 149260 ,3      ,1
 149310 ,3      ,0
 149360 ,4      ,1
 149410 ,4      ,0
 149460 ,6      ,0
 149460 ,7      ,1
 149460 ,STAR_POINT3,0,255,0
 149460 ,5      ,1
 149510 ,5      ,0
 149560 ,4      ,1
 149610 ,4      ,0
 149660 ,3      ,1
 149660 ,STAR_POINT2,0,0,0
 149710 ,3      ,0
 149760 ,2      ,1
 149810 ,2      ,0
 149860 ,7      ,0
 149860 ,6      ,1
 149860 ,STAR_POINT4,255,0,0
 149860 ,1      ,1
 149910 ,1      ,0
 149960 ,2      ,1
 150010 ,2      ,0
 150060 ,3      ,1
 150060 ,STAR_POINT3,0,0,0
 150110 ,3      ,0
 150060 ,4      ,1
 150110 ,4      ,0
 150260 ,6      ,0
 150260 ,7      ,1
 150260 ,STAR_POINT5,0,255,0
 150260 ,5      ,1
 150310 ,5      ,0
 150360 ,4      ,1
 150410 ,4      ,0
 150460 ,3      ,1
 150460 ,STAR_POINT4,0,0,0
 150510 ,3      ,0
 150560 ,2      ,1
 150610 ,2      ,0
 150660 ,7      ,0
 150660 ,8      ,1
 150660 ,,STAR_POINT1,0,0,255
 150660 ,1      ,1
 150710 ,1      ,0
 150760 ,2      ,1
 150810 ,2      ,0
 150860 ,3      ,1
 150860 ,STAR_POINT5,0,0,0
 150910 ,3      ,0
 150960 ,4      ,1
 151010 ,4      ,0
 151060 ,8      ,0
 151060 ,7      ,1
 151060 ,STAR_POINT2,0,255,0
 151060 ,5      ,1
 151110 ,5      ,0
 151160 ,4      ,1
 151210 ,4      ,0
 151260 ,3      ,1
 151260 ,STAR_POINT1,0,0,0
 151310 ,3      ,0
 151360 ,2      ,1
 151410 ,2      ,0
 151460 ,7      ,0
 151460 ,8      ,1
 151460 ,STAR_POINT3,0,0,255
 151460 ,1      ,1
 151510 ,1      ,0
 151560 ,2      ,1
 151610 ,2      ,0
 151660 ,3      ,1
 151660 ,STAR_POINT2,0,0,0
 151710 ,3      ,0
 151760 ,4      ,1
 151810 ,4      ,0
 151860 ,8      ,0
 151860 ,6      ,1
 151860 ,STAR_POINT4,255,0,0
 151860 ,5      ,1
 151910 ,5      ,0
 151960 ,4      ,1
 152010 ,4      ,0
 152060 ,3      ,1
 152060 ,STAR_POINT3,0,0,0
 152110 ,3      ,0
 152160 ,2      ,1
 152210 ,2      ,0
 152260 ,6      ,0
 152290 ,7      ,1
 152290 ,STAR_POINT5,0,255,0
 152290 ,1      ,1
 152340 ,1      ,0
 152390 ,2      ,1
 152440 ,2      ,0
 152490 ,3      ,1
 152490 ,STAR_POINT4,0,0,0
 152540 ,3      ,0
 152590 ,4      ,1
 152640 ,4      ,0
 152690 ,7      ,0
 152690 ,6      ,1
 152690 ,STAR_POINT1,255,0,0
 152690 ,5      ,1
 152740 ,5      ,0
 152790 ,4      ,1
 152840 ,4      ,0
 152890 ,3      ,1
 152890 ,STAR_POINT5,0,0,0
 152940 ,3      ,0
 152990 ,2      ,1
 153040 ,2      ,0
 153090 ,6      ,0
 153090 ,8      ,1
 153090 ,STAR_POINT2,0,0,255
 153090 ,1      ,1
 153140 ,1      ,0
 153190 ,2      ,1
 153240 ,2      ,0
 153290 ,3      ,1
 153290 ,STAR_POINT1,0,0,0
 153340 ,3      ,0
 153390 ,4      ,1
 153440 ,4      ,0
 153490 ,8      ,0
 153490 ,7      ,1
 153490 ,STAR_POINT3,0,255,0
 153490 ,5      ,1
 153540 ,5      ,0
 153590 ,4      ,1
 153640 ,4      ,0
 153690 ,3      ,1
 153690 ,STAR_POINT2,0,0,0
 153740 ,3      ,0
 153790 ,7      ,0
 153890 ,6      ,1
 153890 ,STAR_SOLID,255,0,0
 153890 ,1      ,1
 153940 ,1      ,0
 153990 ,2      ,1
 154040 ,2      ,0
 154090 ,3      ,1
 154140 ,3      ,0
 154190 ,4      ,1
 154240 ,4      ,0
 154290 ,6      ,0
 154290 ,7      ,1
 154290 ,STAR_SOLID,0,255,0
 154290 ,5      ,1
 154340 ,5      ,0
 154390 ,4      ,1
 154440 ,4      ,0
 154490 ,3      ,1
 154540 ,3      ,0
 154590 ,2      ,1
 154640 ,2      ,0
 154690 ,7      ,0
 154690 ,6      ,1
 154690 ,STAR_SOLID,255,0,0
 154690 ,1      ,1
 154740 ,1      ,0
 154790 ,2      ,1
 154840 ,2      ,0
 154890 ,3      ,1
 154940 ,3      ,0
 154890 ,4      ,1
 154940 ,4      ,0
 155090 ,6      ,0
 155090 ,7      ,1
 155090 ,STAR_SOLID,0,255,0
 155090 ,5      ,1
 155140 ,5      ,0
 155190 ,4      ,1
 155240 ,4      ,0
 155290 ,3      ,1
 155340 ,3      ,0
 155390 ,2      ,1
 155440 ,2      ,0
 155490 ,7      ,0
 155490 ,6      ,1
 155490 ,STAR_SOLID,255,0,0
 155490 ,1      ,1
 155540 ,1      ,0
 155590 ,2      ,1
 155640 ,2      ,0
 155690 ,3      ,1
 155740 ,3      ,0
 155790 ,4      ,1
 155840 ,4      ,0
 155890 ,6      ,0
 155890 ,7      ,1
 155890 ,STAR_SOLID,0,255,0
 155890 ,5      ,1
 155940 ,5      ,0
 155990 ,4      ,1
 156040 ,4      ,0
 156090 ,3      ,1
 156140 ,3      ,0
 156190 ,2      ,1
 156240 ,2      ,0
 156290 ,7      ,0
 156290 ,6      ,1
 156290 ,STAR_SOLID,255,0,0
 156290 ,1      ,1
 156340 ,1      ,0
 156390 ,2      ,1
 156440 ,2      ,0
 156490 ,3      ,1
 156540 ,3      ,0
 156490 ,4      ,1
 156540 ,4      ,0
 156690 ,6      ,0
 156690 ,7      ,1
 156690 ,STAR_SOLID,0,255,0
 156690 ,5      ,1
 156740 ,5      ,0
 156790 ,4      ,1
 156840 ,4      ,0
 156890 ,3      ,1
 156940 ,3      ,0
 156990 ,2      ,1
 157040 ,2      ,0
 157090 ,7      ,0
 157100 ,6      ,1
 157100 ,STAR_SOLID,255,0,0
 157100 ,1      ,1
 157150 ,1      ,0
 157200 ,2      ,1
 157250 ,2      ,0
 157300 ,3      ,1
 157350 ,3      ,0
 157400 ,4      ,1
 157450 ,4      ,0
 157500 ,6      ,0
 157500 ,7      ,1
 157500 ,STAR_SOLID,0,255,0
 157500 ,5      ,1
 157550 ,5      ,0
 157600 ,4      ,1
 157650 ,4      ,0
 157700 ,3      ,1
 157750 ,3      ,0
 157800 ,2      ,1
 157850 ,2      ,0
 157900 ,7      ,0
 157900 ,6      ,1
 157900 ,STAR_SOLID,255,0,0
 157900 ,1      ,1
 157950 ,1      ,0
 158000 ,2      ,1
 158050 ,2      ,0
 158100 ,3      ,1
 158150 ,3      ,0
 158100 ,4      ,1
 158150 ,4      ,0
 158300 ,6      ,0
 158300 ,7      ,1
 158300 ,STAR_SOLID,0,255,0
 158300 ,5      ,1
 158350 ,5      ,0
 158400 ,4      ,1
 158450 ,4      ,0
 158500 ,3      ,1
 158550 ,3      ,0
 158600 ,2      ,1
 158650 ,2      ,0
 158700 ,7      ,0
 158700 ,6      ,1
 158700 ,STAR_SOLID,255,0,0
 158700 ,1      ,1
 158750 ,1      ,0
 158800 ,2      ,1
 158850 ,2      ,0
 158900 ,3      ,1
 158950 ,3      ,0
 159000 ,4      ,1
 159050 ,4      ,0
 159100 ,6      ,0
 159100 ,7      ,1
 159100 ,STAR_SOLID,0,255,0
 159100 ,5      ,1
 159150 ,5      ,0
 159200 ,4      ,1
 159250 ,4      ,0
 159300 ,3      ,1
 159350 ,3      ,0
 159400 ,2      ,1
 159450 ,2      ,0
 159500 ,7      ,0
 159500 ,6      ,1
 159500 ,STAR_SOLID,255,0,0
 159500 ,1      ,1
 159550 ,1      ,0
 159600 ,2      ,1
 159650 ,2      ,0
 159700 ,3      ,1
 159750 ,3      ,0
 159700 ,4      ,1
 159750 ,4      ,0
 159900 ,6      ,0
 159900 ,7      ,1
 159900 ,STAR_SOLID,0,255,0
 159900 ,5      ,1
 159950 ,5      ,0
 160000 ,4      ,1
 160050 ,4      ,0
 160100 ,3      ,1
 160150 ,3      ,0
 160200 ,2      ,1
 160250 ,2      ,0
 160300 ,7      ,0
 160300 ,6      ,1
 160300 ,STAR_SOLID,255,0,0
 160300 ,1      ,1
 160350 ,1      ,0
 160400 ,2      ,1
 160450 ,2      ,0
 160500 ,3      ,1
 160550 ,3      ,0
 160600 ,4      ,1
 160650 ,4      ,0
 160700 ,6      ,0
 160700 ,7      ,1
 160700 ,STAR_SOLID,0,255,0
 160700 ,5      ,1
 160750 ,5      ,0
 160800 ,4      ,1
 160850 ,4      ,0
 160900 ,3      ,1
 160950 ,3      ,0
 161000 ,2      ,1
 161050 ,2      ,0
 161100 ,7      ,0
 161100 ,6      ,1
 161100 ,STAR_SOLID,255,0,0
 161100 ,1      ,1
 161150 ,1      ,0
 161200 ,2      ,1
 161250 ,2      ,0
 161300 ,3      ,1
 161350 ,3      ,0
 161300 ,4      ,1
 161350 ,4      ,0
 161500 ,6      ,0
 161500 ,7      ,1
 161500 ,STAR_SOLID,0,255,0
 161500 ,5      ,1
 161550 ,5      ,0
 161600 ,4      ,1
 161650 ,4      ,0
 161700 ,3      ,1
 161750 ,3      ,0
 161800 ,2      ,1
 161850 ,2      ,0
 161900 ,7      ,0
 162000 ,6      ,1
 162000 ,STAR_SOLID,255,0,0
 162050 ,1      ,1
 162100 ,1      ,0
 162150 ,2      ,1
 162200 ,2      ,0
 162250 ,3      ,1
 162300 ,3      ,0
 162350 ,4      ,1
 162400 ,4      ,0
 162400 ,6      ,0
 162400 ,7      ,1
 162400 ,STAR_SOLID,0,255,0
 162450 ,5      ,1
 162500 ,5      ,0
 162550 ,4      ,1
 162600 ,4      ,0
 162650 ,3      ,1
 162700 ,3      ,0
 162750 ,2      ,1
 162800 ,2      ,0
 162800 ,7      ,0
 162800 ,6      ,1
 162800 ,STAR_SOLID,255,0,0
 162850 ,1      ,1
 162900 ,1      ,0
 162950 ,2      ,1
 163000 ,2      ,0
 163050 ,3      ,1
 163000 ,3      ,0
 163050 ,4      ,1
 163200 ,4      ,0
 163200 ,6      ,0
 163200 ,7      ,1
 163200 ,STAR_SOLID,0,255,0
 163250 ,5      ,1
 163300 ,5      ,0
 163350 ,4      ,1
 163400 ,4      ,0
 163450 ,3      ,1
 163500 ,3      ,0
 163550 ,2      ,1
 163600 ,2      ,0
 163650 ,7      ,0
 163600 ,6      ,1
 163600 ,STAR_SOLID,255,0,0
 163650 ,1      ,1
 163700 ,1      ,0
 163750 ,2      ,1
 163800 ,2      ,0
 163850 ,3      ,1
 163900 ,3      ,0
 163950 ,4      ,1
 164000 ,4      ,0
 164000 ,6      ,0
 164000 ,7      ,1
 164000 ,STAR_SOLID,0,255,0
 164050 ,5      ,1
 164100 ,5      ,0
 164150 ,4      ,1
 164200 ,4      ,0
 164250 ,3      ,1
 164300 ,3      ,0
 164350 ,2      ,1
 164400 ,2      ,0
 164400 ,7      ,0
 164400 ,6      ,1
 164400 ,STAR_SOLID,255,0,0
 164450 ,1      ,1
 164500 ,1      ,0
 164550 ,2      ,1
 164600 ,2      ,0
 164650 ,3      ,1
 164600 ,3      ,0
 164650 ,4      ,1
 164800 ,4      ,0
 164800 ,6      ,0
 164800 ,7      ,1
 164800 ,STAR_SOLID,0,255,0
 164850 ,5      ,1
 164900 ,5      ,0
 164950 ,4      ,1
 165000 ,4      ,0
 165050 ,3      ,1
 165100 ,3      ,0
 165150 ,2      ,1
 165200 ,2      ,0
 165250 ,7      ,0
 165200 ,STAR_SOLID,0,0,255
 165200 ,8      ,1
 165250 ,1      ,1
 165300 ,1      ,0
 165300 ,8      ,0
 165350 ,2      ,1
 165400 ,2      ,0
 165400 ,8      ,1
 165450 ,3      ,1
 165500 ,3      ,0
 165500 ,8      ,0
 165550 ,4      ,1
 165600 ,4      ,0
 165600 ,8      ,1
 165650 ,5      ,1
 165700 ,5      ,0
 165700 ,8      ,0
 165750 ,4      ,1
 165800 ,4      ,0
 165800 ,8      ,1
 165850 ,3      ,1
 165900 ,3      ,0
 165900 ,8      ,0
 165950 ,2      ,1
 166000 ,2      ,0
 166000 ,8      ,1
 166050 ,1      ,1
 166100 ,1      ,0
 166100 ,8      ,0
 166150 ,2      ,1
 166200 ,2      ,0
 166200 ,8      ,1
 166250 ,3      ,1
 166300 ,3      ,0
 166300 ,8      ,0
 166350 ,4      ,1
 166400 ,4      ,0
 166400 ,8      ,1
 166450 ,5      ,1
 166500 ,5      ,0
 166500 ,8      ,0
 166550 ,4      ,1
 166600 ,4      ,0
 166600 ,8      ,1
 166650 ,3      ,1
 166700 ,3      ,0
 166700 ,8      ,0
 166750 ,2      ,1
 166800 ,2      ,0
 166800 ,8      ,1
 166850 ,1      ,1
 166900 ,1      ,0
 166900 ,8      ,0
 166950 ,2      ,1
 167000 ,2      ,0
 167000 ,8      ,1
 167050 ,3      ,1
 167100 ,3      ,0
 167100 ,8      ,0
 167150 ,4      ,1
 167200 ,4      ,0
 167200 ,8      ,1
 167250 ,5      ,1
 167300 ,5      ,0
 167300 ,8      ,0
 167350 ,4      ,1
 167400 ,4      ,0
 167400 ,8      ,1
 167450 ,3      ,1
 167500 ,3      ,0
 167500 ,8      ,0
 167550 ,2      ,1
 167600 ,2      ,0
 167600 ,8      ,1
 167650 ,1      ,1
 167700 ,1      ,0
 167700 ,8      ,0
 167750 ,2      ,1
 167800 ,2      ,0
 167800 ,8      ,1
 167850 ,3      ,1
 167900 ,3      ,0
 167900 ,8      ,0
 167950 ,4      ,1
 168000 ,4      ,0
 168000 ,8      ,1
 168050 ,5      ,1
 168100 ,5      ,0
 168100 ,8      ,0
 168150 ,4      ,1
 168200 ,4      ,0
 168200 ,8      ,1
 168250 ,3      ,1
 168300 ,3      ,0
 168300 ,8      ,0
 168350 ,2      ,1
 168400 ,2      ,0
 168400 ,8      ,1
 168450 ,1      ,1
 168500 ,1      ,0
 168500 ,8      ,0
 168550 ,2      ,1
 168600 ,2      ,0
 168600 ,8      ,1
 168650 ,3      ,1
 168700 ,3      ,0
 168700 ,8      ,0
 168750 ,4      ,1
 168800 ,4      ,0
 168800 ,8      ,1
 168850 ,5      ,1
 168900 ,5      ,0
 168900 ,8      ,0
 168950 ,4      ,1
 169000 ,4      ,0
 169000 ,8      ,1
 169050 ,3      ,1
 169100 ,3      ,0
 169100 ,8      ,0
 169150 ,2      ,1
 169200 ,2      ,0
 169200 ,8      ,1
 169250 ,1      ,1
 169300 ,1      ,0
 169300 ,8      ,0
 169350 ,2      ,1
 169400 ,2      ,0
 169400 ,8      ,1
 169450 ,3      ,1
 169500 ,3      ,0
 169500 ,8      ,0
 169550 ,4      ,1
 169600 ,4      ,0
 169600 ,8      ,1
 169650 ,5      ,1
 169700 ,5      ,0
 169700 ,8      ,0
 169750 ,4      ,1
 169800 ,4      ,0
 169800 ,8      ,1
 169850 ,3      ,1
 169900 ,3      ,0
 169900 ,8      ,0
 169950 ,2      ,1
 170000 ,2      ,0
 170000 ,8      ,1
 170050 ,1      ,1
 170100 ,1      ,0
 170100 ,8      ,0
 170150 ,2      ,1
 170200 ,2      ,0
 170200 ,8      ,1
 170250 ,3      ,1
 170300 ,3      ,0
 170300 ,8      ,0
 170350 ,4      ,1
 170400 ,4      ,0
 170400 ,8      ,1
 170450 ,5      ,1
 170500 ,5      ,0
 170500 ,8      ,0
 170550 ,4      ,1
 170600 ,4      ,0
 170600 ,8      ,1
 170650 ,3      ,1
 170700 ,3      ,0
 170700 ,8      ,0
 170750 ,2      ,1
 170800 ,2      ,0
 170800 ,8      ,1
 170850 ,1      ,1
 170900 ,1      ,0
 170900 ,8      ,0
 170950 ,2      ,1
 171000 ,2      ,0
 171000 ,8      ,1
 171050 ,3      ,1
 171100 ,3      ,0
 171100 ,8      ,0
 171150 ,4      ,1
 171200 ,4      ,0
 171200 ,8      ,1
 171250 ,5      ,1
 171300 ,5      ,0
 171300 ,8      ,0
 171350 ,4      ,1
 171400 ,4      ,0
 171400 ,8      ,1
 171450 ,3      ,1
 171500 ,3      ,0
 171500 ,8      ,0
 171550 ,2      ,1
 171600 ,2      ,0
 171700 ,STAR_SOLID,255,0,0
 171700 ,6      ,1
 171700 ,1      ,1
 171750 ,1      ,0
 171800 ,2      ,1
 171850 ,2      ,0
 171850 ,STAR_SOLID,0,0,0
 171850 ,6      ,0
 171900 ,3      ,1
 171950 ,3      ,0
 172000 ,4      ,1
 172050 ,4      ,0
 172100 ,2      ,1
 172150 ,2      ,0
 172200 ,3      ,1
 172250 ,3      ,0
 172300 ,4      ,1
 172350 ,4      ,0
 172400 ,5      ,1
 172450 ,5      ,0
 172500 ,STAR_SOLID,0,255,0
 172500 ,7      ,1
 172500 ,1      ,1
 172550 ,1      ,0
 172600 ,2      ,1
 172650 ,2      ,0
 172650 ,STAR_SOLID,0,0,0
 172650 ,7      ,0
 172700 ,3      ,1
 172750 ,3      ,0
 172800 ,4      ,1
 172850 ,4      ,0
 172900 ,2      ,1
 172950 ,2      ,0
 173000 ,3      ,1
 173050 ,3      ,0
 173100 ,4      ,1
 173150 ,4      ,0
 173200 ,5      ,1
 173250 ,5      ,0
 173300 ,STAR_SOLID,0,0,255
 173300 ,8      ,1
 173300 ,1      ,1
 173350 ,1      ,0
 173400 ,2      ,1
 173450 ,2      ,0
 173450 ,STAR_SOLID,0,0,0
 173450 ,8      ,0
 173500 ,3      ,1
 173550 ,3      ,0
 173600 ,4      ,1
 173650 ,4      ,0
 173700 ,2      ,1
 173750 ,2      ,0
 173800 ,3      ,1
 173850 ,3      ,0
 173900 ,4      ,1
 173950 ,4      ,0
 174000 ,5      ,1
 174050 ,5      ,0
 174100 ,STAR_SOLID,255,0,0
 174100 ,6      ,1
 174100 ,1      ,1
 174150 ,1      ,0
 174200 ,2      ,1
 174250 ,2      ,0
 174250 ,STAR_SOLID,0,0,0
 174250 ,6      ,0
 174300 ,3      ,1
 174350 ,3      ,0
 174400 ,4      ,1
 174450 ,4      ,0
 174500 ,2      ,1
 174550 ,2      ,0
 174600 ,3      ,1
 174650 ,3      ,0
 174700 ,4      ,1
 174750 ,4      ,0
 174800 ,5      ,1
 174850 ,5      ,0
 174930 ,STAR_SOLID,0,255,0
 174930 ,7      ,1
 174930 ,1      ,1
 174980 ,1      ,0
 175030 ,2      ,1
 175080 ,2      ,0
 175080 ,STAR_SOLID,0,0,0
 175080 ,7      ,0
 175130 ,3      ,1
 175180 ,3      ,0
 175230 ,4      ,1
 175280 ,4      ,0
 175330 ,2      ,1
 175380 ,2      ,0
 175430 ,3      ,1
 175480 ,3      ,0
 175530 ,4      ,1
 175580 ,4      ,0
 175630 ,5      ,1
 175680 ,5      ,0
 175730 ,STAR_SOLID,0,0,255
 175730 ,8      ,1
 175730 ,1      ,1
 175780 ,1      ,0
 175830 ,2      ,1
 175880 ,2      ,0
 175880 ,STAR_SOLID,0,0,0
 175880 ,8      ,0
 175930 ,3      ,1
 175980 ,3      ,0
 176030 ,4      ,1
 176080 ,4      ,0
 176130 ,2      ,1
 176180 ,2      ,0
 176230 ,3      ,1
 176280 ,3      ,0
 176330 ,4      ,1
 176380 ,4      ,0
 176430 ,5      ,1
 176480 ,5      ,0
 176530 ,STAR_SOLID,255,0,0
 176530 ,6      ,1
 176530 ,1      ,1
 176580 ,1      ,0
 176630 ,2      ,1
 176680 ,2      ,0
 176680 ,STAR_SOLID,0,0,0
 176680 ,6      ,0
 176730 ,3      ,1
 176780 ,3      ,0
 176830 ,4      ,1
 176880 ,4      ,0
 176930 ,2      ,1
 176980 ,2      ,0
 177030 ,3      ,1
 177080 ,3      ,0
 177130 ,4      ,1
 177180 ,4      ,0
 177230 ,5      ,1
 177280 ,5      ,0
 177330 ,STAR_SOLID,0,255,0
 177330 ,7      ,1
 177330 ,1      ,1
 177380 ,1      ,0
 177430 ,2      ,1
 177480 ,2      ,0
 177480 ,STAR_SOLID,0,0,0
 177480 ,7      ,0
 177530 ,3      ,1
 177580 ,3      ,0
 177630 ,4      ,1
 177680 ,4      ,0
 177730 ,2      ,1
 177780 ,2      ,0
 177830 ,3      ,1
 177880 ,3      ,0
 177930 ,4      ,1
 177980 ,4      ,0
 178030 ,5      ,1
 178080 ,5      ,0
 178180 ,STAR_SOLID,255,255,255
 178180 ,1      ,1
 178180 ,2      ,1
 178180 ,3      ,1
 178180 ,4      ,1
 178180 ,5      ,1
 178180 ,6      ,1
 178180 ,7      ,1
 178180 ,8      ,1
 178300 ,STAR_SOLID,255,255,255
 178310 ,STAR_SOLID,248,248,248
 178320 ,STAR_SOLID,241,241,241
 178330 ,STAR_SOLID,234,234,234
 178340 ,STAR_SOLID,227,227,227
 178350 ,STAR_SOLID,220,220,220
 178360 ,STAR_SOLID,213,213,213
 178370 ,STAR_SOLID,206,206,206
 178380 ,STAR_SOLID,199,199,199
 178390 ,STAR_SOLID,192,192,192
 178400 ,STAR_SOLID,185,185,185
 178410 ,STAR_SOLID,178,178,178
 178420 ,STAR_SOLID,171,171,171
 178430 ,STAR_SOLID,164,164,164
 178440 ,STAR_SOLID,157,157,157
 178450 ,STAR_SOLID,150,150,150
 178460 ,STAR_SOLID,143,143,143
 178470 ,STAR_SOLID,136,136,136
 178480 ,STAR_SOLID,129,129,129
 178490 ,STAR_SOLID,122,122,122
 178500 ,STAR_SOLID,115,115,115
 178510 ,STAR_SOLID,108,108,108
 178520 ,STAR_SOLID,101,101,101
 178530 ,STAR_SOLID,94,94,94
 178540 ,STAR_SOLID,87,87,87
 178550 ,STAR_SOLID,80,80,80
 178560 ,STAR_SOLID,73,73,73
 178570 ,STAR_SOLID,66,66,66
 178580 ,STAR_SOLID,59,59,59
 178590 ,STAR_SOLID,52,52,52
 178600 ,STAR_SOLID,45,45,45
 178610 ,STAR_SOLID,38,38,38
 178620 ,STAR_SOLID,31,31,31
 178630 ,STAR_SOLID,24,24,24
 178640 ,STAR_SOLID,17,17,17
 178650 ,STAR_SOLID,10,10,10
 178660 ,STAR_SOLID,3,3,3 
 178680 ,STAR_SOLID,0,0,0 
 178680 ,8      ,0
 178880 ,7      ,0
 179080 ,6      ,0
 179280 ,1      ,0
 179480 ,2      ,0
 179680 ,3      ,0
 179880 ,4      ,0
 180080 ,5      ,0 
 181400 ,STAR_SOLID,255,255,255
 181400 ,1      ,1 
 181400 ,2      ,1  
 181400 ,3      ,1  
 181400 ,4      ,1  
 181400 ,5      ,1 
 181400 ,6      ,1 
 181400 ,7      ,1 
 181400 ,8      ,1 
 181800 ,STAR_SOLID,0,0,0
 181800 ,1      ,0 
 181800 ,2      ,0 
 181800 ,3      ,0 
 181800 ,4      ,0  
 181800 ,5      ,0  
 181800 ,6      ,0  
 181800 ,7      ,0  
 181800 ,8      ,0  
 186000 ,END    ,1